-3.264
-0.403
2.299
-2.521
2.226
-1.005
-1.055
7.335
4.367
-1.048
-6.934
-8.761
0.384
1.232
9.392
-4.835
9.796
-3.129
7.779
7.238
2.138
2.29
9.754
-4.049
-4.497
2.257
4.636
-4.868
-7.712
0.105
-4.213
-6.54
-3.692
2.607
-4.543
-0.731
4.018
-8.669
-1.541
5.726
4.214
-2.315
-0.595
3.559
-1.086
1.592
-5.087
7.112
9.608
-9.739
5.014
6.6
1.686
1.695
9.909
-5.03
-1.51
-2.369
-5.183
6.694
-5.883
-3.707
-0.796
5.265
5.663
1.958
-7.93
7.189
-9.178
5.31
0.615
1.233
-6.374
-3.524
7.693
9.821
1.925
-5.569
4.093
-2.446
3.628
-3.123
1.943
2.073
3.799
6.694
0.985
-3.131
7.032
-3.506
-2.52
3.968
-6.408
-4.963
-7.225
-1.294
1.701
-7.601
0.164
0.166
-0.152
1.092
-0.67
1.881
6.058
-9.573
-8.195
-3.85
6.907
-9.192
-1.207
9.309
-0.058
2.818
7.341
-5.327
-7.082
-5.33
-4.289
-1.269
2.389
-9.935
-6.578
-5.984
6.036
-6.556
2.634
-4.007
-2.29
-6.957
-8.69
-4.259
-7.028
7.369
-2.982
2.827
7.373
7.401
-2.594
2.221
-0.158
1.16
-4.416
2.211
-3.439
2.081
-6.294
3.186
8.264
-1.915
-4.461
3.812
7.344
-9.587
-1.409
-8.18
9.385
1.264
9.984
2.154
8.215
4.216
-7.997
4.561
-6.432
8.673
7.408
-1.697
-2.296
4.5
3.681
0.872
9.548
1.243
-4.687
9.542
9.134
4.86
3.959
6.875
-8.502
-8.438
-2.963
8.161
6.294
6.717
-3.454
3.006
3.909
-2.702
-2.43
7.529
5.823
-9.436
1.365
-9.383
-6.207
0.371
-5.445
-5.999
1.386
6.339
-2.813
-1.658
6.332
-7.855
9.043
1.882
-3.929
-2.566
9.089
-4.325
4.262
-0.102
4.265
2.141
-8.766
5.581
-4.597
-6.667
-7.263
-8.859
-5.228
2.286
2.69
-0.55
-7.718
1.512
3.636
6.799
-1.858
-2.059
-9.691
3.014
6.995
-4.614
-0.837
0.196
-5.034
1.778
9.92
1.112
6.695
-8.289
-6.819
4.027
-3.617
-5.685
7.004
-8.473
-2.42
9.086
7.582
-3.885
7.596
0.752
6.447
4.732
-5.012
6.197
9.058
6.897
5.442
4.283
2.566
5.584
-6.936
-5.356
8.976
-8.367
9.471
0.637
7.012
6.144
-9.183
3.279
0.301
-4.987
-7.501
-8.974
-2.245
-7.86
6.06
-7.323
8.567
6.935
-2.465
-1.049
8.388
7.614
5.077
3.403
-0.676
-1.746
1.312
1.241
1.109
2.453
7.598
7.749
-6.231
8.64
1.559
7.359
6.085
8.049
-9.196
6.524
7.239
-5.897
-5.174
4.41
6.16
-8.323
-2.264
2.256
5.514
5.519
7.626
-7.837
8.272
6.715
-0.419
9.344
-0.062
-2.737
6.27
-5.943
-0.441
8.458
-4.563
-9.874
-5.415
-7.664
-5.315
-4.947
-3.178
1.301
-2.451
-6.268
5.376
-8.601
-6.98
-6.219
3.518
1.273
-5.821
6.454
6.139
9.487
2.836
5.656
-4.616
1.508
5.86
1.891
-6.822
7.205
-5.764
-1.796
-1.203
-3.356
-7.817
5.484
-7.984
1.903
7.356
6.235
-6.121
-8.937
6.78
3.055
-4.452
0.388
-2.733
5.206
9.963
-2.617
9.351
8.08
-7.556
0.036
2.409
-3.332
0.603
8.703
-6.166
7.785
3.949
-1.846
9.871
-8.309
8.58
5.34
2.44
-0.534
-1.688
-4.148
-6.872
-4.531
-9.853
3.969
-8.683
-1.212
2.808
4.196
-5.395
8.731
5.678
-4.894
-2.906
-9.524
2.586
1.996
-3.819
4.236
-5.913
-0.114
-2.361
4.415
-0.897
2.254
-2.544
0.743
4.286
-8.84
-9.695
-0.99
-3.366
6.361
-0.741
4.81
2.599
-8.598
7.611
-8.375
7.472
0.344
4.265
4.926
8.516
4.632
-1.773
-4.86
3.559
-4.164
-1.507
-7.397
5.1
7.634
0.793
4.342
8.696
4.807
-2.996
1.243
-1.882
-0.539
2.295
6.83
-3.746
-1.178
-8.077
2.249
-2.626
8.002
-8.834
3.069
-0.753
-1.824
-4.208
1.307
-9.962
-4.955
2.083
0.702
2.809
-2.182
0.454
-3.895
8.154
-0.985
-5.663
8.279
5.634
0.246
1.396
-7.48
3.798
4.494
7.339
5.861
3.48
-7.635
3.082
-9.248
7.72
-5.604
2.713
-5.902
9.598
3.733
-2.576
6.969
3.696
-1.294
-5.436
7.09
6.11
-5.628
2.634
-5.439
-3.992
-0.454
-1.638
-5.989
-9.517
-3.141
-7.402
-2.764
-7.199
-2.884
3.699
5.747
8.641
8.275
-1.734
-3.45
-4.806
0.849
-6.359
-8.659
8.345
-2.73
-0.49
-9.847
-0.791
0.395
-0.692
4.4
-3.635
-6.278
-0.947
-7.518
0.719
7.857
-3.132
2.255
7.366
-5.21
-6.63
-2.495
5.954
-3.708
0.718
-6.551
6.672
5.526
-6.977
9.575
1.365
-6.677
2.103
-8.014
3.287
-2.649
4.411
-1.632
7.177
3.911
-9.034
-4.488
-0.261
-1.796
0.228
0.075
0.193
0.815
-7.359
-2.285
-0.507
3.825
1.292
-6.447
-0.592
4.545
5.278
6.482
3.139
-7.188
-0.591
9.966
-2.688
9.03
5.323
3.388
-1.102
-5.165
8.949
-3.744
-5.261
-2.652
0.529
-5.41
7.368
1.771
7.202
-7.891
-6.291
-4.486
5.044
8.54
2.4
-0.436
7.302
6.168
4.313
-9.717
0.672
4.828
-2.432
4.441
5.331
0.213
-9.538
6.896
5.292
-5.052
3.399
-0.14
1.64
1.298
3.871
-8.435
-4.543
-7.945
5.166
-6.903
1.241
1.635
-2.86
7.24
2.654
-5.588
1.451
-5.28
-0.605
3.784
-0.739
3.6
0.428
5.155
-9.683
-4.794
3.681
0.661
-7.14
5.867
-0.853
5.029
3.888
3.035
8.002
-1.167
9.964
-8.039
-3.611
3.218
8.578
-6.77
4.9
4.568
9.761
5.597
-2.2
-1.167
7.685
6.722
-9.812
-0.44
-1.229
2.379
3.714
-4.554
1.625
6.367
5.196
3.574
6.102
4.232
0.754
-4.168
4.861
7.405
9.442
9.338
-2.305
-6.791
8.544
4.102
3.201
6.033
-0.269
-9.83
-4.372
5.51
-7.851
-4.042
-7.787
-5.769
3.327
9.803
9.908
-3.731
7.171
7.146
-3.469
-6.622
0.905
-2.897
6.317
8.867
-3.737
-2.28
-7.033
6.972
-8.895
-5.915
-1.675
-1.47
-7.33
1.889
-0.91
0.531
1.838
-5.426
-7.098
7.159
-5.337
-3.64
3.689
3.656
0.607
4.065
9.029
-1.257
-4.059
-8.722
8.935
7.046
4.916
1.202
-3.945
7.276
5.913
-7.449
1.655
-3.763
5.467
4.4
-5.849
6.311
1.874
6.914
-1.081
-0.581
9.783
0.36
-8.817
-2.086
2.591
6.268
2.008
-6.981
-4.63
-1.831
-4.542
-1.593
-2.52
5.437
7.187
8.256
-7.168
-1.53
-4.004
-6.207
-8.89
3.27
3.842
-4.061
-6.298
-2.045
7.074
-0.503
7.905
4.467
-9.429
-9.258
9.17
1.892
2.915
0.283
-3.525
2.13
6.095
-1.219
-8.133
-2.826
7.653
0.181
-6.402
4.559
1.706
-4.59
9.841
-6.928
6.796
3.056
-6.429
-7.995
0.526
9.605
-0.581
2.69
-0.162
3.711
-4.278
8.598
-2.802
7.859
-0.427
8.103
8.772
-6.99
3.755
-7.239
1.558
-1.974
6.581
7.381
-8.666
5.044
9.254
-1.351
1.871
1.494
9.771
8.472
-6.433
7.575
-9.138
-5.495
-3.991
3.604
-8.836
9.82
6.755
-8.479
-7.712
-9.405
5.02
0.413
-4.817
-1.967
-3.444
-5.172
6.94
-2.851
-1.525
-1.685
3.702
-0.703
7.624
-4.467
3.963
4.097
4.969
-2.202
6.666
6.892
-2.88
9.624
3.621
-8.908
-0.285
1.765
-1.92
7.694
-7.151
0.262
-0.969
2.205
-7.01
6.512
-7.146
-1.637
4.747
-8.086
3.866
2.273
-9.694
0.485
-2.047
5.718
5.451
2.372
-6.362
6.937
9.795
3.849
-5.906
4.769
-8.472
-2.562
0.467
6.495
-4.729
-6.935
7.198
5.284
-8.974
1.056
-9.995
0.568
3.382
3.544
-3.409
-9.403
8.052
-1.499
5.731
1.641
5.668
-3.793
-9.34
4.242
-2.182
4.535
-7.628
4.695
1.436
5.024
-5.808
-0.531
-2.971
8.033
-3.561
-0.759
-8.466
6.566
-5.385
-2.619
7.453
0.235
7.532
-9.843
-8.294
4.712
9.572
0.978
-6.693
-1.87
-5.053
-1.237
-3.334
-6.092
0.263
7.442
-2.926
-6.657
-3.228
-4.774
7.048
-0.521
4.346
0.515
6.726
-4.658
-5.356
6.568
6.069
-5.071
-8.568
-8.945
6.172
-7.13
-0.131
-9.926
-0.4
-1.183
3.072
-2.603
-3.811
-5.404
1.14
-2.897
-6.902
4.873
-4.914
-2.219
1.141
8.009
6.98
-8.363
0.836
-7.715
-0.474
-9.772
4.27
1.695
-9.223
-5.359
-2.208
5.988
4.782
8.586
-8.168
-4.083
-6.152
9.667
6.194
-1.155
-8.694
-3.001
-2.85
8.343
8.673
5.942
4.578
-9.608
2.641
-1.946
5.422
0.956
-7.165
-3.852
0.587
9.362
0.273
1.656
3.633
0.291
-0.09
-5.137
-1.924
-8.307
-6.355
-0.316
-6.043
-1.531
5.282
0.077
1.8
-7.685
-1.093
1.37
8.46
-9.132
8.934
3.911
-5.157
-2.888
3.193
-0.24
7.876
2.227
9.511
5.662
-4.382
-8.396
-2.546
-8.732
1.911
3.835
4.179
4.037
-3.747
-5.95
-8.439
5.617
1.483
-3.127
5.99
1.483
8.434
7.567
3.045
3.271
9.416
-2.603
-8.952
-2.032
4.192
3.308
-5.759
3.279
8.301
0.203
8.335
-4.232
-6.66
-2.131
1.377
0.084
5.018
-4.297
0.065
0.261
1.309
-2.283
4.395
-8.518
-8.219
-5.187
-3.004
7.874
1.987
-6.062
6.73
9.955
-3.048
9.128
3.599
-7.868
-8.052
8.734
1.691
-5.97
3.434
1.046
-3.667
-0.699
9.573
-5.431
5.052
-4.221
9.761
3.399
8.067
8.642
-7.875
6.21
-6.213
-6.071
-8.402
-5.847
-7.381
7.64
-7.687
-1.34
7.951
-9.234
-2.51
-4.569
-8.02
0.199
-3.657
-6.278
5.874
3.532
9.423
0.656
5.999
-4.648
-3.212
4.379
6.253
2.78
-4.71
-5.766
-6.059
2.157
1.79
3.722
-2.509
1.298
-3.257
6.072
-9.282
0.586
-2.297
-8.578
-4.446
9.286
6.158
-2.443
-9.582
-8.441
-0.037
-2.279
5.107
2.173
2.509
6.147
-7.73
2.689
0.61
0.089
-9.201
-0.238
2.193
-1.72
6.849
1.554
4.883
2.566
7.864
4.844
5.622
-6.897
3.992
-5.095
-5.649
-1.115
1.449
-5.856
-9.763
0.464
3.039
8.934
-6.423
8.981
3.705
0.679
-7.069
0.998
3.841
-3.78
-9.908
6.695
-1.432
6.543
-3.385
-7.905
-6.925
-1.467
8.724
-8.852
-8.351
2.892
4.013
7.599
-7.07
-2.436
6.917
1.002
9.271
8.431
5.614
-8.645
-6.773
8.61
2.707
0.648
-3.062
-0.067
8.995
-7.513
-9.765
0.258
9.146
-7.65
-1.71
-1.81
5.527
2.096
-6.795
6.47
-5.117
-5.86
-7.782
-8.753
4.819
8.815
7.325
-4.131
9.711
-1.181
2.774
0.085
2.877
-7.064
-2.284
-2.254
-7.918
9.568
-2.876
6.075
3.667
1.82
-8.64
5.962
-5.695
-2.876
-3.934
8.48
0.654
-2.659
0.579
3.028
0.543
-6.815
-3.586
-0.292
-9.314
0.284
3.584
-6.44
-6.244
-2.481
1.893
-5.451
1.322
7.948
-2.128
-1.788
8.103
9.114
0.09
-1.738
2.202
3.195
-9.117
-5.306
1.154
-9.585
3.389
-8.532
5.367
4.353
-1.306
4.64
6.984
2.542
-5.219
-6.18
7.204
1.985
9.375
-6.389
5.649
6.823
6.694
-2.652
-0.456
-6.674
2.3
-9.631
4.768
4.488
-4.016
8.532
-3.762
9.139
4.933
-4.746
5.544
5.55
5.695
-0.062
3.851
-7.012
3.057
-5.401
7.361
9.184
3.57
-7.23
4.206
-7.548
1.943
7.315
7.992
-3.931
6.642
-8.651
4.763
-6.564
9.42
-9.393
6.333
9.511
-6.205
5.828
6.163
8.293
-4.625
-8.953
-1.188
3.08
-7.943
-7.529
8.97
-6.499
3.547
-1.86
-2.483
3.387
-0.733
1.518
-0.049
8.448
2.191
4.358
-0.163
-8.299
9.191
-7.635
-6.809
-4.648
1.171
1.286
-1.825
2.901
4.174
0.497
9.87
-7.724
1.587
6.726
-1.384
0.73
0.04
-1.136
7.4
-3.736
-8.182
-8.918
-1.125
-3.404
2.855
2.238
-5.595
3.548
9.826
-8.137
8.441
1.692
7.592
6.389
-4.695
5.273
7.622
-9.781
3.383
9.285
3.601
8.803
-4.625
7.14
9.017
3.554
5.7
-8.139
0.754
1.047
5.387
-7.068
6.683
9.824
5.984
9.307
-9.763
6.288
-5.072
2.649
2.447
9.197
0.76
2.288
-0.192
-1.674
0.942
3.486
-9.366
-3.275
-1.089
2.889
1.105
-8.433
-2.548
1.346
7.248
-1.731
-5.023
8.304
-2.344
1.348
1.919
-1.644
6.05
5.634
-1.501
3.81
-6.522
-5.457
5.794
4.96
0.557
5.946
-1.38
6.933
-9.585
-2.624
-1.384
3.918
3.236
-9.907
-8.381
-3.139
-6.943
7.342
-5.159
9.498
1.174
0.963
-4.598
9.838
1.782
4.469
-4.925
4.19
-2.801
9.26
-2.049
-8.723
-4.799
-0.408
4.836
-5.109
-5.124
6.43
4.807
-3.983
2.389
-3.144
-9.001
-0.072
-5.828
1.382
3.279
-0.089
-4.025
6.078
-3.995
9.453
4.907
4.33
-2.844
-9.457
-1.368
-5.02
1.795
-8.119
-9.702
7.781
5.165
1.214
-1.36
0.982
-4.709
-0.237
2.231
-6.227
-8.954
6.693
-8.332
7.178
-2.145
0.619
6.352
-2.218
-7.788
8.936
-0.398
1.212
4.746
3.135
-4.192
9.134
7.798
4.232
-2.8
5.78
-7.158
5.975
-1.995
-0.43
-9.336
-6.857
9.182
4.89
-6.154
-8.901
-6.885
-9.038
-1.43
9.894
2.544
-3.21
7.969
1.425
-3.077
-2.699
-1.994
5.46
5.413
-5.159
-4.275
-2.835
-2.608
6.38
-7.572
8.674
7.188
-0.42
-6.202
1.96
-2.242
1.288
-6.122
2.209
4.498
-6.382
-2.241
-3.725
6.992
-2.582
0.144
-5.355
8.978
-9.868
3.581
-2.449
-7.983
3.275
7.684
5.04
-7.421
-4.846
0.012
-6.607
-2.323
4.162
-9.176
-8.533
-9.447
-8.817
-2.161
-9.061
0.075
9.524
-5.702
-7.248
7.715
-6.904
-5.002
-6.108
0.998
3.511
4.471
6.114
-9.033
4.873
3.754
-9.7
3.547
6.216
-4.406
0.736
5.309
-5.08
4.321
-7.458
-6.09
7.698
-5.172
-0.554
-0.228
-8.555
-9.599
4.763
5.249
7.139
6.848
8.439
7.605
-4.658
-3.931
9.218
1.048
1.701
-8.514
9.013
1.909
-3.793
7.689
9.202
2.819
-9.476
-0.425
-3.169
-2.473
-4.258
-7.577
0.87
-4.812
0.995
-7.098
-4.891
8.449
-3.517
2.752
6.285
-0.877
-5.799
-5.076
2.744
8.706
-3.779
6.972
-8.917
6.105
-1.8
2.384
-4.315
3.386
-1.138
2.373
2.46
-1.305
0.211
-1.403
5.965
-5.709
-1.058
4.328
6.128
-3.206
7.45
1.617
7.191
8.877
7.807
2.563
4.098
9.472
6.244
-2.654
-7.867
7.927
-7.071
-6.346
6.549
-1.595
-4.442
2.003
-9.257
2.793
1.465
-1.837
-0.604
2.504
9.827
-4.381
2.257
-3.96
6.998
-4.091
-2.239
6.623
3.434
1.27
-5.059
-3.709
-7.183
7.437
-5.374
-7.599
-5.552
7.162
6.16
-8.512
-5.112
0.675
-8.9
-1.367
-1.523
8.448
3.332
-0.124
-0.911
-0.007
-5.492
-5.184
-7.668
-9.224
-6.357
2.045
9.727
4.276
-6.324
-1.744
5.892
-1.559
-8.69
-4.992
0.653
-4.551
9.651
3.154
2.391
-8.264
-9.227
-0.67
6.278
4.309
1.831
-8.322
6.134
0.802
-7.392
2.263
-9.878
-3.798
3.359
5.741
4.879
8.751
-1.934
-6.715
6.815
2.575
-2.851
8.314
-1.856
-8.243
-0.317
-7.335
9.978
2.584
9.929
9.934
-3.906
-7.416
-8.363
3.579
9.866
-1.125
-0.309
-6.174
9.7
1.618
-8.271
-6.199
9.786
-9.34
3.769
-2.672
-5.722
6.895
-3.671
-0.588
1.557
3.142
-2.11
-0.718
-7.31
3.643
-4.895
5.64
8.53
1.84
-0.7
-8.396
-2.969
-1.787
-6.117
-0.808
-2.032
-4.903
-3.825
-6.955
2.337
7.987
2.207
6.632
5.587
7.959
-0.973
-7.143
-1.066
-6.38
5.516
5.154
-8.316
5.08
-9.321
-8.612
-1.326
-2.935
-3.704
3.271
4.814
-7.245
-7.896
-1.868
-6.806
-9.971
5.739
-4.868
2.881
-9.215
-3.285
-1.017
-8.222
8.145
5.677
-9.904
-7.541
-4.914
-4.885
2.191
0.512
3.227
8.439
3.203
-9.119
3.62
-4.614
-8.654
-3.051
-1.371
-5.098
0.637
-2.783
-7.729
6.779
-0.66
5.992
-7.182
-3.57
-0.734
1.126
-3.919
2.705
-7.373
-4.976
0.1
-0.954
2.195
2.287
-2.551
0.903
8.934
4.634
3.815
-4.666
-9.938
7.182
1.291
-0.765
-2.99
6.198
6.827
9.536
-6.487
-0.844
-7.498
9.051
7.038
-0.534
9.271
1.34
8.406
9.091
0.099
-3.388
2.997
2.403
1.823
-6.263
2.366
-6.488
5.258
2.692
-0.251
-9.368
1.082
-7.711
8.406
-1.533
9.097
-6.821
9.527
3.062
6.975
-5.877
-7.253
-8.622
-0.493
-8.174
9.753
3.034
-2.603
9.623
-4.041
2.735
6.173
0.081
-4.223
-0.482
-5.542
-9.093
-4.698
4.184
-8.296
1.78
0.838
-8.561
-5.842
-7.311
-4.075
3.859
-4.777
-7.13
-3.301
-1.161
-5.015
6.487
-6.464
-0.758
7.602
1.765
-1.245
7.489
-5.099
-5.409
8.162
4.891
-2.306
4.351
-7.229
9.946
-4.724
2.744
7.459
9.399
8.857
9.785
8.097
9.634
6.239
-1.579
-1.505
-4.176
-2.737
-4.458
1.627
-9.017
3.067
-8.396
5.295
9.178
9.967
1.419
-7.001
5.405
2.257
9.882
-8.177
-9.973
5.135
3.737
3.6
-6.86
-5.484
2.861
8.675
-1.424
-1.301
-1.064
9.714
-5.264
8.131
-6.324
7.042
-4.658
-5.581
-3.715
8.045
-4.497
2.326
0.381
6.569
9.121
4.871
0.222
1.095
5.224
-7.298
-0.693
-9.861
9.771
-0.614
-2.814
-0.089
-7.153
6.617
1.466
-1.841
1.898
2.17
8.534
-9.801
-8.388
-1.994
-0.726
-1.053
-4.074
-2.488
9.454
-0.326
3.627
-9.303
1.498
-6.489
-0.002
-6.34
6.406
-0.273
-0.345
4.051
9.218
-8.588
1.094
4.771
5.548
-5.449
-4.37
3.201
-4.216
-8.558
-0.97
-0.451
0.636
7.228
0.836
1.259
8.48
6.658
6.368
-2.969
-9.632
8.024
-5.535
-7.846
8.004
-1.534
9.501
3.116
-2.501
4.27
2.459
-8.032
1.251
1.632
-9.452
7.714
8.269
7.117
9.764
-0.005
5.619
1.5
-2.911
2.736
0.811
-7.572
7.737
1.357
-0.73
-5.179
6.927
-8.741
-5.56
0.323
5.642
9.256
7.198
5.11
0.304
-4.972
3.69
7.685
-6.654
3.251
5.321
-2.69
-1.441
2.277
-9.092
-6.357
-4.668
-3.691
4.379
-6.513
-3.763
-6.929
3.192
-3.094
7.232
-0.267
6.528
-9.779
-2.316
3.467
-7.221
-2.355
0.129
-2.018
-3.565
-6.476
-5.04
5.474
5.001
-3.718
6.721
-7.576
1.94
3.181
-6.559
5.705
-5.666
-4.013
3.558
-8.254
-1.253
-9.324
-1.601
-8.345
4.785
-7.65
-6.916
6.731
5.42
2.17
-2.951
-0.424
3.979
9.538
-8.012
2.775
6.883
6.458
-7.97
-5.357
3.391
-4.197
-1.463
1.157
-0.162
-3.276
-9.063
3.727
0.91
1.919
-7.782
-2.008
-9.426
-8.265
-4.378
-3.497
-5.916
9.025
-9.8
4.197
1.926
-2.658
-8.824
6.237
-8.839
9.509
-2.768
-1.78
0.036
0.667
2.974
6.7
8.666
5.038
-1.732
3.061
-5.991
7.259
-8.211
-1.316
1.516
-6.407
4.317
-1.502
6.581
8.518
5.872
1.653
-5.346
-2.684
-7.055
-3.477
4.652
4.278
2.953
6.466
6.793
-1.915
-6.195
-8.428
-4.963
3.425
-5.258
-4.752
-3.696
-7.022
0.153
-0.253
2.05
-3.873
1.105
1.013
-1.426
0.546
-4.297
-3.504
-1.096
-5.268
-0.854
1.999
-5.314
-7.686
2.669
-3.731
9.408
-2.678
8.844
-3.595
3.641
4.572
8.367
7.82
-9.973
1.333
1.366
-1.981
0.806
4.034
0.048
1.552
2.17
9.835
-8.76
-3.634
2.899
1.487
-1.763
2.028
0.935
-7.949
2.257
1.892
9.083
9.495
0.521
7.208
-8.752
-1.832
9.281
-7.18
-4.19
-1.293
8.662
-3.015
-5.8
-7.043
1.374
-1.634
-1.411
5.049
-7.348
7.638
6.246
2.756
5.668
-4.913
3.899
8.159
9.887
-9.543
-0.06
8.994
8.685
8.218
8.519
8.614
5.859
1.099
-2.029
-6.873
6.275
-6.719
4.334
0.519
8.165
-9.237
1.608
0.627
-5.293
2.539
7.946
-7.134
-9.089
-2.16
-7.517
-1.618
0.048
1.574
-0.403
-9.687
-3.524
0.073
9.053
-6.433
-9.069
6.102
9.761
-1.769
-0.355
-0.808
0.977
-7.37
9.409
-9.996
1.046
2.326
-9.334
1.923
0.753
-0.146
-1.179
9.607
-7.875
5.066
-6.578
6.803
5.293
-6.191
-3.069
6.181
-0.379
6.902
-0.073
0.176
3.523
6.141
-7.854
-3.953
6.751
7.323
-4.466
2.679
1.376
-8.759
-3.742
-1.367
-5.227
1.621
-1.664
-2.589
9.293
8.58
-0.748
7.298
-0.518
-3.953
1.471
1.628
0.884
-5.505
-5.432
-6.283
-6.783
-3.372
-2.2
6.241
0.02
-3.417
-7.173
-2.244
-3.973
9.974
-3.751
-2.555
1.415
5.688
-3.843
1.629
3.334
-0.172
-8.301
-4.978
4.143
-0.018
0.603
-5.137
7.214
-4.444
2.289
5.029
-4.333
4.823
-8.191
-3.871
5.44
-5.249
6.26
-2.503
3.4
-4.747
1.614
0.038
-0.819
8.174
2.45
-8.943
0.942
-9.097
-1.364
2.614
9.956
0.073
-5.136
-0.781
7.907
-1.174
-5.647
-5.504
2.68
9.648
8.296
-7.327
-1.407
4.973
-4.481
3.098
9.865
-6.824
-1.915
0.087
-7.957
-8.219
-3.162
-1.822
-2.603
-8.852
3.188
-0.925
-9.247
-1.299
4.825
8.781
-2.111
-5.083
-6.812
5.358
4.149
1.625
8.806
-3.236
4.72
9.909
-0.842
5.044
-7.166
-7.433
9.187
-4.222
7.297
2.572
4.797
-6.836
-6.337
-7.589
-5.687
-4.437
-1.982
-3.927
-4.691
-1.651
6.293
-1.353
2.22
-6.323
9.87
-8.337
6.853
9.681
-9.685
-9.314
-7.578
-0.666
8.988
-4.992
8.514
-3.626
-2.477
-9.452
-1.135
7.085
-2.743
-0.538
7.434
6.607
6.489
9.494
-6.082
8.862
-1.16
-8.251
8.945
6.053
5.163
-2.357
5.869
-2.427
1.345
-7.617
-1.994
1.541
-7.99
7.587
-8.575
4.552
-3.262
-0.101
3.82
5.071
5.022
-3.241
-9.895
-5.021
-1.831
0.451
-9.273
3.968
0.451
-7.664
2.695
3.571
0.681
5.273
5.592
-8.156
5.018
-7.227
4.435
1.872
-9.815
7.38
-9.5
4.774
9.553
3.133
-8.538
2.846
-1.084
-3.025
0.159
1.435
1.282
-2.05
-0.957
2.062
-2.049
-0.896
-7.257
-9.428
0.867
-3.098
6.783
2.187
8.256
-4.82
-7.946
-4.886
8.61
-5.454
1.546
3.434
1.347
5.713
3.226
3.768
2.706
7.83
6.67
0.119
7.917
6.403
9.627
3.015
3.807
-0.29
2.629
8.012
0.474
-9.901
-3.66
6.956
-9.816
0.54
4.184
-8.903
-9.53
0.347
2.829
1.902
-9.563
-0.212
-5.57
2.723
-3.405
5.161
0.969
7.133
-4.016
-1.549
-1.778
6.707
7.508
-4.934
3.896
-9.972
-1.829
4.769
8.858
3.1
4.268
1.813
2.68
-5.997
-4.037
-5.728
8.518
-5.224
7.759
-9.993
7.583
-3.389
-5.128
9.358
-6.358
3.39
2.697
-6.746
2.096
-7.024
-9.182
6.081
-2.487
-1.796
-0.484
3.906
-8.014
6.967
7.901
-5.25
9.306
-1.31
-4.432
9.738
-2.486
-6.198
-5.097
-5.839
-5.56
7.617
4.377
-0.631
-8.614
-4.427
-0.82
0.142
5.182
-3.173
7.32
2.498
8.158
-0.008
-2.402
5.543
2.051
8.942
-4.655
-4.703
-8.312
-8.218
5.42
-8.515
1.567
2.202
0.515
-9.819
-5.685
-6.155
8.871
-3.359
7.332
-8.199
7.685
-8.729
8.259
9.703
2.913
5.617
-2.679
6.053
-8.761
8.462
3.754
7.948
-8.613
1.983
-9.976
-4.493
-3.193
9.109
-6.928
-7.253
-5.834
6.825
-3.268
-3.757
-9.536
-8.167
3.107
-5.572
5.419
7.98
0.302
5.577
-8.115
-4.937
9.558
-0.501
-3.48
-7.952
6.812
8.555
-8.999
-6.696
9.881
7.845
-8.289
4.114
-5.979
0.289
6.611
7.573
5.494
-9.806
0.16
6.933
-5.125
5.428
-9.992
2.026
-5.919
-8.254
9.753
-2.463
-4.028
-9.256
-9.691
-2.864
7.393
0.281
-6.019
-9.166
-0.956
-0.899
5.564
-7.09
9.048
-9.981
4.26
-8.483
0.682
6.021
7.28
-6.136
-5.182
-2.454
0.068
3.505
9.137
-7.429
-4.135
8.961
2.66
-9.998
-7.745
-6.807
-1.834
0.686
0.561
4.113
-8.311
-7.203
9.432
-6.548
-0.091
-0.757
-8.309
2.764
-2.8
-3.557
-9.06
-5.419
5.665
-2.246
-4.718
-2.865
-6.761
8.032
-3.593
7.055
1.268
0.627
-9.615
3.324
6.161
4.367
-2.337
-1.823
-4.856
3.743
5.524
-2.579
0.914
-3.076
7.582
-8.567
-6.97
-4.348
-3.003
7.795
-1.871
4.464
6.784
-8.719
-2.217
1.275
-3.303
-0.506
-3.624
-0.71
8.024
-3.002
5.978
9.069
-0.238
4.257
-0.677
6.685
-0.658
5.61
-8.163
7.245
-5.693
-8.234
4.926
-5.372
9.318
7.914
7.793
-1.649
7.214
3.837
-9.877
7.05
8.757
0.336
8.507
6.145
-5.113
6.614
6.879
-8.556
-2.213
0.345
-6.701
0.509
-2.777
-2.679
9.859
8.128
0.858
6.082
-6.756
6.233
-0.77
-6.934
8.679
-8.154
-0.82
-0.594
6.783
0.267
-2.138
-8.67
-9.497
-8.312
-3.379
5.963
6.978
-9.308
-3.86
-5.385
-6.077
7.403
6.454
2.967
-0.417
-8.097
3.606
-1.334
-4.166
-7.963
-1.627
3.804
7.776
2.462
-8.7
4.357
3.054
0.309
-1.472
6.218
4.481
-6.928
1.082
-2.039
4.931
0.125
-2.294
-5.356
6.076
-2.292
-1.816
-8.892
-1.092
7.899
0.674
3.875
5.652
-7.006
3.875
5.02
-0.506
-1.113
-6.447
-5.565
-1.03
2.752
4.951
2.291
-2.027
9.002
5.658
9.202
-5.956
5.317
3.239
-1.699
0.582
1.321
-0.909
-1.613
-6.449
-7.421
-1.514
3.605
1.218
5.696
2.058
-7.012
7.57
-7.791
-0.344
5.741
-1.059
1.361
-4.449
0.513
-3.657
7.152
-3.545
-0.999
8.647
5.555
2.385
4.156
-5.403
-8.328
-2.597
5.42
2.704
3.313
-8.615
2.134
-3.406
3.132
5.734
-8.739
2.514
-2.741
-5.279
-5.99
1.367
-0.374
-0.938
-5.937
-8.976
-9.099
2.097
0.333
9.344
-5.54
0.693
-0.95
-5.223
-6.168
-8.256
7.239
-2.048
-0.691
-2.458
7.719
-4.072
4.068
-1.242
4.101
1.889
0.274
-0.02
2.994
-9.981
-3.243
7.875
-7.278
2.84
-3.036
7.867
3.773
-5.323
-0.087
-7.186
-5.458
-1.908
0.424
-6.837
-4.339
4.24
-0.276
8.198
-6.78
-1.241
-1.85
-9.773
-7.162
-3.901
2.222
-7.541
-8.476
7.903
-1.068
0.898
7.912
9.369
-6.904
-3.417
-1.004
8.115
-9.822
-6.088
2.953
0.612
4.131
-2.8
-2.774
1.001
-8.069
-5.338
4.76
3.643
-9.598
1.605
-5.847
9.231
1.16
7.182
-7.478
-7.489
-0.503
-3.44
6.703
4.804
-9.268
-7.695
-0.019
9.801
4.486
2.955
-9.188
-4.673
4.671
-5.471
-2.747
-2.929
3.329
3.406
-1.839
-5.827
1.079
8.729
8.318
9.217
1.136
7.744
-5.636
0.863
1.621
-0.866
6.841
-4.014
-7.796
8.973
-9.77
1.419
5.043
7.903
1.568
-4.978
-3.374
1.996
-6.244
7.776
-7.022
-6.213
-6.054
9.82
1.954
-9.86
9.002
-1.263
3.576
6.698
2.012
3.856
5.218
-8.956
3.797
-9.569
4.367
8.27
-3.966
-9.938
-1.262
-8.729
-1.533
-5.528
4.201
1.901
0.261
-1.674
2.51
7.795
-7.299
-6.655
2.962
-7.238
0.306
7.952
-5.208
-8.255
6.028
3.348
-8.805
9.021
1.246
9.04
3.476
1.63
-9.66
6.965
7.689
-4.02
3.323
9.078
7.252
1.944
0.53
3.671
-6.742
-2.853
-2.754
1.525
-5.133
0.788
4.909
9.462
-9.328
-7.731
8.558
-7.118
-9.766
-0.9
-4.923
1.456
-1.173
0.947
-1.252
9.599
8.355
-2.569
-6.351
6.749
-4.748
-3.644
9.586
7.04
-0.029
-1.414
9.821
-5.181
-0.869
-4.806
2.665
8.487
5.746
7.043
-1.174
7.399
-4.473
3.804
8.443
-2.563
7.751
-4.949
-4.97
-5.486
-8.12
-2.901
-3.229
9.94
5.323
-7.255
-9.392
-9.276
-7.078
-0.795
-0.319
-2.547
-4.095
-3.785
-5.465
0.778
4.034
-6.326
0.569
-0.837
5.766
-9.391
-1.661
-0.297
-8.47
-1.709
1.553
2.369
4.858
-4.548
-7.255
0.509
-7.256
8.427
-8.487
-4.448
-4.503
-7.888
-6.443
-9.214
2.608
-7.693
-0.031
-4.969
-1.725
-4.004
3.779
-0.356
6.561
5.887
-9.309
-4.62
-8.304
5.937
9.949
0.533
0.363
2.44
5.267
-2.453
-2.686
-4.232
3.606
-7.236
-1.832
2.542
-4.375
5.643
5.389
8.246
-3.315
-3.17
3.209
0.179
4.582
8.374
3.833
-6.44
4.831
5.23
-2.57
3.097
-1.684
-6.047
-2.558
-3.673
-3.9
-5.832
2.152
-8.077
0.407
-7.569
6.388
1.615
1.306
-5.633
-0.186
-5.229
-1
4.391
-8.663
2.515
-6.714
4.03
-8.469
2.691
-1.869
-8.474
-1.249
-7.619
5.48
5.316
3.122
-8.557
-3.185
5.882
-3.039
-9.019
-1.329
1.715
7.751
-9.365
5.604
6.84
-6.297
6.364
-9.62
1.757
-0.266
-4.481
2.892
-1.386
6.197
7.975
-6.063
4.116
0.197
-4.1
6.997
1.91
-2.811
-8.657
-1.625
6.438
-3.424
-9.798
0.298
-7.844
5.676
-3.125
-4.69
1.307
-7.53
2.974
-6.407
-0.617
-8.119
-9.191
5.761
-8.404
3.744
8.457
8.076
-9.183
-3.962
4.021
-1.459
7.744
-1.864
7.07
-2.028
1.261
4.278
-0.041
-0.91
3.348
-0.813
3.951
-3.978
-9.237
-6.287
9.923
-1.375
8.523
-4.517
9.934
4.391
3.494
-7.27
1.409
-1.361
8.898
3.401
4.517
-7.633
-2.476
-1.359
1.96
9.401
5.043
-3.908
-1.01
-6.409
-5.539
-7.519
1.602
1.27
5.944
-9.819
-7.206
-9.64
1.096
2.439
-8.274
7.094
-8.092
-6.637
7.409
-3.024
6.86
0.562
-5.713
-6.796
1.935
4.18
-2.912
-7.675
2.135
-3.894
9.639
2.458
-6.902
-2.453
8.798
-0.913
-6.102
8.464
3.014
-2.305
-1.148
-1.94
-5.396
5.612
-0.36
5.091
-0.989
5.516
-0.031
8.737
0.274
-9.25
-2.074
2.546
8.412
4.255
4.632
9.994
-0.667
-5.518
-5.025
1.51
4.178
3.488
4.72
-0.116
0.34
-1.911
-5.559
4.622
-5.651
-8.392
2.832
-3.194
-2.489
-3.243
-0.486
-4.873
-3.595
6.945
9.894
8.578
8.463
8.123
-6.708
5.769
-9.251
4.592
9.882
-1.951
-5.091
9.353
-5.744
4.488
1.71
4.699
-8.705
-6.621
-9.405
9.066
-5.285
9.756
4.289
2.281
4.211
-3.916
-1.175
7.778
0.471
5.63
7.101
-1.838
8.629
-6.307
-3.952
-2.38
2.016
2.179
-1.245
1.34
-7.441
-5.951
7.417
-0.902
-8.399
-4.554
1.674
-5.366
-6.583
6.185
-0.604
-6.41
0.122
-3.69
1.066
-8.284
-1.532
-3.449
5.917
8.53
1.073
-5.142
8.75
-1.418
-5.768
-0.492
-1.345
1.985
8.855
2.996
5.005
1.106
-4.328
4.727
-3.289
-7.054
2.164
-1.498
-6.864
2.984
0.378
0.509
-9.487
-0.622
-4.936
6.146
7.015
2.352
1.735
-2.422
5.213
-3.195
-5.984
-3.334
0.506
9.295
5.133
-6.754
9.386
-8.909
8.713
-9.683
3.738
0.729
-0.389
-7.979
4.321
-3.903
-4.739
3.637
-1.929
-8.851
9.882
-9.566
-2.831
4.622
-3.36
-5.235
-4.267
-9.378
0.797
2.37
-2.147
-0.84
8.251
9.855
3.781
9.026
-1.456
9.637
-5.345
-7.992
7.535
6.515
-6.841
-4.761
8.964
4.642
-7.209
-7.116
-0.386
-7.147
3.377
4.817
-6.545
-6.746
6.038
-8.438
-2.797
6.417
2.31
-8.214
8.211
1.264
3.668
-8.284
-3.859
-1.542
-3.425
-2.495
-8.36
4.079
-7.875
3.526
-4.668
-9.301
-9.188
7.642
3.641
-6.946
-6.101
-8.799
-5.989
3.261
3.819
-1.737
3.716
5.824
-7.328
7.408
-8.899
3.636
1.652
-3.965
-7.321
0.917
-8.12
-1.773
-3.495
4.787
-6.282
1.114
7.774
0.842
-5.346
8.537
-6.832
9.885
-7.301
5.093
-1.483
9.7
7.45
-8.699
-7.321
6.573
7.002
-9.237
-9.959
-2.303
2.771
-6.404
1.856
-3.738
-9.071
-0.136
-5.794
-7.385
-9.442
-9.289
-6.586
-2.625
4.006
7.566
-9.808
-2.989
8.618
-0.999
-6.697
-3.223
-6.077
-8.729
-1.749
4.75
-3.768
8.118
5.003
-8.801
5.169
-5.935
-0.686
-5.212
9.432
-5.57
-7.68
-7.673
-4.187
6.364
7.34
-1.263
1.45
-1.194
8.533
1.036
-2.538
-1.36
4.358
6.025
3.582
0.122
-5.68
-6.637
7.889
-3.919
8.902
7.737
-7.666
-5.285
-0.189
-4.665
0.926
-0.06
-8.561
-5.534
-1.913
3.886
7.757
-2.143
1.818
2.712
-2.088
-3.869
2.054
-4.252
4.092
8.446
3.746
-4.869
3.474
4.321
5.657
5.802
-1.91
6.678
5.357
-0.238
3.911
-7.881
-9.932
8.997
7.443
-7.599
-8.447
-4.711
-6.254
-6.222
-3.025
-7.582
1.593
-9.087
9.904
1.564
5.562
9.12
-5.676
-8.851
2.999
6.119
-9.499
8.67
8.549
5.163
-9.5
3.4
7.865
-1.65
-6.616
-3.397
7.327
4.311
-2.452
3.09
5.548
-6.206
1.76
4.079
-8.902
5.959
-6.864
-3.789
-0.056
-5.792
0.614
-1.632
5.664
-3.19
-6.231
-9.816
9.481
0.793
2.095
-7.932
-8.069
0.638
-4.564
-2.128
-3.938
6.083
2.006
3.363
-0.601
-3.583
-6.769
7.223
0.612
5.224
-5.937
-0.17
-9.229
-8.185
-2.798
-5.619
5.532
-6.124
1.254
1.306
-1.493
2.195
-8.197
3.415
7.553
-6.263
9.879
4.493
-2.204
3.67
-7.113
1.285
1.48
8.049
1.759
8.321
-1.712
-8.033
4.078
-1.692
8.014
3.473
-7.79
-3.681
-9.625
9.988
-2.452
1.48
-6.483
7.685
7.036
-8.548
5.063
2.517
4.488
5.257
-5.08
6.639
8.913
3.097
5.906
7.379
4.118
-1.412
4.33
5.725
7.47
5.221
-9.116
-1.147
-2.328
-5.888
-3.808
7.906
8.525
-1.067
8.707
-1.14
8.225
-0.618
-9.238
1.046
5.205
-0.203
-4.651
-4.429
-6.469
-3.18
-4.032
9.04
-2.643
2.304
3.167
-5.951
-7.107
0.097
1.993
-8.34
-6.854
1.107
-4.084
-6.162
8.997
5.022
-2.023
4.965
9.679
5.119
4.314
-7.748
6.981
6.738
-4.212
-6.641
-4.114
1.653
2.214
9.984
2.42
4.701
-9.491
-5.388
-9.744
-7.955
8.663
1.028
-7.656
-4.675
8.936
2.531
-9.775
-6.694
7.153
-8.36
-7.379
-2.687
-6.348
0.268
2.146
3.375
-6.523
-7.988
6.686
1.484
-8.41
2.804
6.306
-8.926
8.23
-1.172
6.438
-1.741
2.872
-0.391
1.656
9.575
3.715
-0.603
4.425
1.773
8.39
-4.753
5.258
-8.498
-7.551
-9.51
1.034
-8.82
6.364
0.354
0.504
-6.485
-8.475
-6.048
5.607
1.843
8.098
-4.376
7.082
-9.01
3.386
4.548
-9.565
-5.947
-3.747
1.258
-9.836
-7.154
-6.637
-0.27
-1.275
1.229
2.906
4.674
-8.637
-5.673
5.063
-6.05
0.681
4.137
3.022
-8.003
-1.556
9.813
4.691
-7.99
-4.179
2.161
0.223
-3.403
0.715
-8.794
9.892
6.26
0.633
-2.193
-1.622
-6.348
0.774
-7.752
-8.455
1.613
5.91
-3.702
-8.202
4.635
7.878
6.387
2.081
0.422
6.387
-4.452
5.47
-8.626
1.653
-8.481
3.574
1.018
4.529
5.637
-9.606
-2.807
8.902
4.876
1.41
-1.326
9.551
-2.261
-2.754
4.727
6.079
5.252
-6.579
9.253
7.656
-9.097
8.894
-1.807
-5.289
-4.187
8.592
-9.521
7.994
9.457
-8.653
8.844
2.872
7.911
-3.045
-5.371
8.821
-7.355
8.041
0.465
5.114
9.627
6.839
4.9
-5.344
2.013
0.402
0.721
-5.464
7.204
-7.59
-7.509
6.938
6.627
-5.204
4.746
-3.656
6.224
-2.82
1.773
8.58
-9.828
-8.449
9.188
-6.016
9.171
3.788
-1.132
5.904
2.088
3.25
-3.219
4.145
-7.045
3.388
7.88
-3.689
5.998
-2.206
9.706
6.728
0.489
-9.837
5.865
5.28
3.724
1.511
0.492
-7.054
-0.639
-3.451
1.501
-2.476
7.745
8.928
-4.621
-4.867
-2.32
1.97
-3.668
3.329
-7.776
-2.879
3.898
-0.614
-8.019
2.585
-7.502
2.899
-6.19
2.533
4.962
-2.874
3.012
-1.074
-2.302
-8.57
5.737
2.996
-3.17
-3.859
-1.701
7.427
-3.759
-4.48
6.487
-7.278
8.841
0.056
5.743
0.884
5.831
-2.36
-3.312
-3.742
-0.829
-9.206
1.459
9.931
7.086
4.703
6.271
7.758
-9.334
-6.148
9.119
9.673
4.169
-3.27
-2.967
-1.575
-9.353
7.824
4.575
1.547
7.103
-5.342
2.211
1.559
2.084
-8.016
7.305
-1.336
2.904
-4.459
5.359
-5.986
0.645
-2.72
9.052
-8.06
-5.061
-0.383
-3.874
-7.473
-7.328
2.815
0.959
-3.658
3.217
7.311
1.755
-4.176
-3.813
6.953
5.119
7.533
-7.498
5.671
4.813
-4.05
-5.207
-8.417
7.912
-5.237
0.259
1.068
3.006
-2.795
0.824
8.651
-8.65
0.855
7.5
-0.999
-8.607
-0.692
6.983
-6.412
-2.586
-6.459
-4.057
6.846
-7.46
-7.934
3.883
5.615
-0.562
-4.703
-0.191
0.012
-8.315
-5.555
-5.424
3.931
-6.87
7.398
-0.388
6.898
-9.167
-3.54
1.813
-2.393
-8.5
-2.405
-9.236
-2.789
-3.341
1.699
-6.407
2.991
-1.228
-7.587
8.278
-2.768
5.047
8.242
-9.707
1.86
-2.716
-5.301
-0.115
9.379
4.945
5.853
8.487
-8.339
-0.485
7.783
-1.907
-6.433
-9.161
1.573
5.514
1.256
-5.144
-7.95
6.452
3.305
-9.24
-3.181
8.967
5.732
-2.694
7.053
0.73
2.415
4.987
-4.146
1.156
-6.906
7.154
-5.685
-6.396
9.695
5.073
9.05
-6.262
9.412
-9.114
-3.145
3.153
2.658
-6.903
7.83
3.43
-3.029
1.706
-5.554
-1.585
7.603
6.814
-4.428
2.196
6.041
3.241
-0.552
-0.023
0.28
7.874
0.625
-1.697
-8.792
-2.196
-7.154
-9.56
-1.042
7.882
-9.802
-4.838
-3.161
-1.542
-2.186
5.696
2.339
2.965
-1.961
-1.583
2.317
4.163
-8.523
7.446
-5.957
4.1
-8.405
-0.301
-6.978
-1.078
6.87
-7.164
0.121
2.692
4.626
6.316
1.698
6.958
-8.634
4.71
-5.721
-7.389
0.007
5.346
-1.685
6.016
2.431
7.465
-6.549
-1.07
-4.318
-4.072
-3.588
-5.752
-7.7
0.914
-1.105
-5.188
-7.472
-2.924
2.141
-8.106
-2.296
3.148
-6.571
5.526
0.05
-5.394
4.937
8.94
7.169
5.505
-3.759
-1.123
-2.275
6.274
-0.409
5.622
-8.36
-5.517
4.702
8.114
-5.864
3.59
-5.522
9.21
0.429
-6.112
-1.086
1.08
-7.148
-4.954
-6.681
1.658
-1.567
8.525
-6.613
-8.21
-6.15
2.087
3.253
5.227
-4.892
3.85
-6.492
-2.396
-7.622
-0.918
1.835
9.6
-9.198
8.715
-2.4
-2.479
-1.908
-3.468
-0.001
9.719
0.196
6.494
2.685
2.031
7.539
-2.954
9.12
-7.736
-5.039
0.268
1.56
-9.438
-8.982
-5.437
7.942
-9.536
-7.069
-1.082
5.923
-8.126
-0.428
1.473
-3.208
-8.95
9.154
8.302
-4.181
3.04
-2.226
4.409
7.666
-7.144
9.932
4.851
-5.954
-2.586
-1.37
1.006
-4.967
7.74
6.019
7.958
-2.492
6.403
4.85
-3.049
8.505
-5.402
2.985
4.274
8.531
-9.867
-6.537
5.86
0.362
-4.229
1.333
-0.543
-8.293
7.464
-4.224
-8.62
2.481
-6.308
-9.568
0.983
-8.637
-1.095
5.914
9.687
-9.695
-8.294
-6.206
-6.408
0.279
-2.626
0.834
-9.477
-2.794
4.227
-0.596
5.686
-1.654
4.583
-7.755
-3.919
2.46
-4.614
1.171
4.471
-7.457
8.64
8.724
-3.869
-8.104
-3.045
-5.684
-3.497
3.539
-3.76
2.097
-7.225
3.927
2.282
-2.036
-6.249
-8.133
-3.777
9.994
-6.876
3.453
9.84
9.391
-8.812
6.862
2.413
-3.958
2.813
6.745
4.303
-0.305
-9.433
2.871
2.169
7.015
-0.551
6.258
-7.009
-6.436
-9.405
7.903
-7.429
5.883
-2.702
5.177
7.836
5.275
2.504
6.813
-3.715
-0.759
-5.01
-7.984
3.675
-2.866
-0.084
-3.679
-0.435
-7.938
-9.833
-8.439
-5.443
-5.624
-1.271
-1.079
-0.439
7.969
6.336
8.315
-3.162
3.66
-2.207
-8.433
8.812
-8.965
-0.099
1.513
-8.878
8.109
-1.337
-1.3
-9.087
1.307
9.936
5.677
1.415
-4.655
4.501
-9.286
-1.407
8.995
0.753
-0.756
1.276
4.588
0.825
8.722
-3.672
-0.385
3.505
2.821
-6.485
-1.31
5.433
8.921
-6.995
-1.469
4.336
-3.286
8.536
6.709
-7.276
6.326
9.284
8.436
2.317
-7.141
9.47
6.017
7.512
-2.644
-7.7
8.952
-8.566
1.888
-0.818
-7.787
-6.931
0.249
-2.747
-1.962
-2.12
6.429
0.522
-0.221
0.95
0.375
8.904
-2.214
8.091
-3.129
-8.755
-0.722
7.864
2.633
-8.168
-4.548
-7.289
-9.917
8.026
-9.672
5.901
5.244
7.076
6.847
-6.848
-8.835
-7.158
8.962
-3.435
0.349
5.351
9.084
0.689
-8.069
0.224
3.38
-9.16
-6.663
-0.234
0.832
-0.902
-4.8
8.963
-7.307
0.552
-5.012
-4.268
3.344
7.354
0.869
1.924
0.378
3.86
4.175
8.793
-3.668
-3.179
-0.88
1.827
-6.531
-7.673
-7.926
-4.209
-1.153
-6.436
4.442
-7.052
6.291
-8.758
3.214
7.368
1.731
-4.321
-2.718
9.441
-9.539
2.586
3.915
-1.013
-5.507
-0.609
-8.806
0.733
8.965
-4.526
-8.88
-5.161
8.739
9.102
-8.678
1.245
-9.496
8.66
-4.38
-4.926
3.049
-4.192
-6.994
-0.125
4.2
-1.677
-2.917
-4.967
4.861
7.916
2.498
8.59
-0.207
-6.559
0.051
-2.447
-1.077
3.011
-8.333
0.022
4.447
0.348
7.438
9.374
-7.785
8.02
7.45
8.237
-6.522
-2.364
-7.19
-1.441
7.083
-0.353
1.663
-4.283
-8.365
-7.999
-8.998
-3.867
-0.696
7.962
5.178
7.883
-9.577
8.042
2.02
-9.215
-5.178
5.611
-0.869
5.749
6.832
-1.264
-8.41
9.877
0.353
-5.585
1.387
2.928
1.05
9.917
-0.67
6.591
6.27
-5.258
9.379
0.103
-8.117
6.736
-4.326
-6.849
9.411
8.259
7.548
-7.859
6.227
5.717
-4.286
0.661
-9.797
-6.064
-1.974
-1.104
6.657
8.172
-5.505
1.589
8.23
3.143
3.448
4.659
-9.34
-6.463
0.137
-9.547
4.802
0.205
-6.931
6.368
5.614
-7.624
-7.744
-2.042
8.585
6.559
-0.796
-4.17
9.482
9.85
3.982
-3.204
-9.633
2.487
-1.897
-1.037
8.274
-7.751
-2.362
-3.254
5.582
-0.119
2.786
4.904
2.125
4.099
9.007
-0.289
-5.401
9.381
-9.839
-3.616
1.681
-8.373
9.351
1.617
-3.423
7.409
8.859
7.111
-8.731
8.77
1.382
5.995
7.729
6.862
6.227
-4.035
-3.122
-4.687
7.633
-1.921
-8.142
-4.304
8.472
-2.058
-5.479
-3.165
-1.011
1.966
7.747
6.573
-6.964
-9.737
6.048
-9.824
8.235
2.603
-5.564
5.097
2.62
-1.327
2.619
-2.317
-7.497
-5.652
-1.336
3.62
-4.104
3.717
-1.522
-7.199
1.997
3.786
9.674
0.691
3.149
9.297
-9.223
-7.886
-4.925
-1.215
6.645
6.276
8.906
7.71
-1.534
-9.874
-2.9
-6.367
-8.253
8.732
-5.718
-6.727
-5.086
-7.522
-2.908
-6.105
0.041
5.626
-7.033
6.124
-8.629
-4.211
8.808
5.312
-3.997
-3.33
-4.733
-8.62
-0.112
-9.458
2.521
-5.946
1.931
-0.421
-5.046
-3.72
7.652
2.115
-2.531
8.474
7.936
-2.931
-2.418
-5.548
0.31
-7.937
-0.753
-7.206
-9.363
-8.84
4.335
-3.352
-5.913
3.238
-7.433
8.291
-6.775
8.202
-7.141
-2.534
-7.515
2.201
5.341
-5.175
9.947
9.122
-0.896
2.319
-1.168
-0.383
6.179
-2.925
-8.9
-2.179
3.514
1.815
-9.057
8.755
-5.455
-7.545
-8.491
-9.398
-2.202
2.039
0
-0.614
0.579
1.17
6.979
7.813
-9.561
-7.129
2.292
-5.393
-1.934
4.422
7.655
-7.249
-5.591
-4.499
3.815
5.643
3.456
7.631
1.714
-5.224
9.316
2.786
0.201
-6.968
3.038
-3.461
-9.972
3.709
4.984
6.086
3.431
-9.734
-6.743
8.515
-1.691
-0.352
2.616
9.002
8.346
-8.485
-7.829
-1.405
2.843
0.088
-0.283
2.085
-9.357
2.563
8.581
7.931
9.553
-2.598
8.893
9.33
1.112
8.7
-0.006
-0.252
-7.021
5.839
0.161
7.02
-0.485
8.22
-6.43
8.83
-2.2
0.355
-9.311
-4.834
-4.864
1.758
-0.239
-3.224
-6.763
-3.469
7.265
-8.254
-1.796
4.333
-4.282
-7.909
-0.009
-0.271
-9.6
-1.524
-7.396
-7.302
4.399
-3.931
5.492
-9.312
2.474
-1.137
3.256
9.165
9.507
5.552
-3.368
7.633
-2.952
4.828
-4.381
-8.579
-9.103
-7.058
-2.966
-0.199
1.073
-1.549
-3.417
-5.521
2.019
4.386
5.368
-9.58
5.129
0.495
-5.245
6.453
-4.349
-9.797
7.999
2.497
5.848
8.486
-4.008
-1.401
-2.901
6.872
-1.179
-9.151
-6.254
-8.187
-4.128
6.775
-5.122
-0.178
3.701
8.013
7.451
-1.735
-7.103
-2.307
-9.141
7.324
-3.085
-1.604
-0.869
-8.926
8.776
-2.997
3.006
2.003
-4.903
-7.257
-1.723
-1.076
-3.138
-0.059
7.632
0.285
7.427
-8.45
9.745
-6.703
-2.729
4.528
7.774
-9.54
-4.934
-8.061
3.244
-7.174
-4.06
4.38
-1.174
3.994
-7.695
-8.251
1.994
1.221
-5.399
4.335
-7.508
9.32
6.968
1.369
6.733
5.043
9.097
-0.136
4.6
-3.878
7.296
6.258
-2.844
-8.771
-7.819
2.619
-8.344
-3.943
8.406
-9.964
3.703
3.669
6.425
2.049
1.557
3.654
-0.508
-6.577
0.319
-7.148
4.138
-6.665
6.308
-1.368
-1.962
1.622
-3.376
-3.328
8.046
-9.982
-9.749
4.1
-3.64
-4.412
-4.295
8.011
2.115
-3.973
1.093
-9.019
8.339
1.682
-6.87
6.609
-2.776
8.037
4.282
2.145
-7.523
-7.057
-7.435
-0.295
3.299
4.603
2.649
-5.156
5.251
-1.497
5.776
-7.448
5.943
0.614
-7.55
8.937
0.456
-5.854
-6.389
7.633
0.746
9.249
-3.973
-9.546
-5.135
-1.587
-9.607
-6.386
4.197
-6.634
-4.185
-5.551
-4.195
-1.261
0.447
-4.034
0.587
-7.626
-8.608
4.722
-4.94
7.606
-3.497
-2.446
-1.789
-7.782
4.737
-8.892
2.615
-2.143
4.524
0.503
-2.999
1.685
-1.579
-9.111
9.573
-9.542
8.187
2.231
-2.096
-1.275
-7.971
-9.808
1.764
-5.306
4.454
-2.744
1.235
1.108
5.6
7.769
-9.107
-9.201
-1.759
6.25
-8.47
-5.894
5.02
-9.993
-4.695
-1.925
3.27
-9.743
-1.2
8.312
-4.5
-1.667
7.045
8.544
-1.961
-9.967
-2.206
-8.86
5.885
-0.124
-8.843
7.223
0.951
-5.174
6.525
7.418
-4.14
-3.193
-7.877
4.504
3.65
7.964
9.943
9.685
-1.806
7.022
-8.659
-5.021
8.466
6.617
-1.057
-5.693
-4.597
6.573
1.604
-5.555
7.392
0.497
-2.59
1.46
2.991
-6.297
-7.136
-0.663
8.285
1.406
3.123
-5.876
0.991
-3.025
-5.139
3.149
-3.655
6.345
3.529
1.575
0.146
-0.41
-3.168
-2.677
-6.46
-5.138
-5.346
0.493
-1.553
6.232
-3.463
9.874
8.82
-3.672
4.425
3.951
0.958
1.038
-6.429
-4.224
-0.661
8.219
-3.816
8.223
1.013
-8.313
-0.679
-6.237
-7.098
-0.84
3.476
-1.971
-3.324
8.386
5.693
5.24
-6.313
-1.136
-6.993
-4.38
-9.978
-0.766
1.995
7.571
-2.458
-3.754
-4.813
-2.787
-5.088
1.229
5.222
-1.182
3.03
-1.063
-5.472
0.514
-5.28
3.278
4.396
-8.799
-7.008
6.5
3.611
-2.836
-2.85
6.312
-3.662
-7.331
-5.629
-9.726
4.574
1.429
-1.544
-0.594
0.176
8.501
1.211
0.595
4.471
-6.892
4.372
-6.504
-6.731
6.987
9.585
-4.655
4.74
-8.001
-3.046
-1.755
4.793
6.801
-3.211
2.494
-9.355
-6.269
-4.538
-5.266
7.25
-7.731
0.502
4.199
-5.898
-8.668
-6.62
-8.374
5.817
9.01
-4.309
0.369
-0.155
-7.266
0.606
5.476
-2.56
-9.299
4.962
7.194
3.678
-8.209
3.738
7.851
-3.767
-1.813
-4.885
-9.467
-7.221
2.127
5.341
5.534
-0.486
-2.476
3.967
-4.947
8.268
1.769
-8.362
5.194
-9.96
8.595
6.788
-4.173
2.618
3.865
2.56
6.794
0.997
8.246
1.596
-5.008
-0.748
-4.494
-4.189
-2.131
-7.13
1.964
-4.708
0.344
-2.418
3.85
3.508
3.214
0.37
4.227
8.09
-6.669
-7.763
5.653
-9.166
6.931
9.207
6.865
-2.045
8.854
9.685
9.254
2.019
-5.907
-1.263
5.178
-2.18
9.183
3.15
-0.897
-8.089
9.007
-9.766
8.466
-2.769
9.901
0.563
6.77
7.79
-1.533
-1.74
-2.452
3.23
-6.063
-4.085
-9.795
9.851
-3.613
2.977
2.74
-8.18
-8.245
7.618
-1.823
7.963
7.634
-1.757
-5.494
-3.342
9.145
5.014
6.363
-7.773
-1.615
-3.873
-9.985
-0.073
2.691
7.756
6.195
-4.551
-0.496
-5.593
1.547
-8.088
0.176
7.567
9.96
6.23
9.909
-0.363
0.273
-1.586
-5.621
-7.281
-4.49
-6.195
1.06
0.259
8.44
0.558
3.811
7.012
-6.54
-2.624
1.407
-1.047
6.493
-9.067
5.737
-5.642
-1.268
1.247
7.92
5.669
3.058
-3.723
-1.496
-5.45
2.016
2.614
-2.299
-3.971
8.964
-2.956
-0.933
-6.495
-2.219
6.316
-4.756
3.461
-6.267
1.985
-3.261
-2.749
-5.742
-3.082
-8.711
4.867
1.082
-5.885
-0.115
-8.527
-6.212
-5.898
-3.883
2.882
-9.055
-1.483
-9.314
3.233
0.196
-7.116
-6.467
-7.667
5.533
-2.239
-0.974
-1.882
2.015
-2.512
-5.396
5.938
-5.369
1.42
-4.004
5.252
7.955
3.189
-2.708
2.067
7.877
0.979
4.436
1.521
0.983
5.152
7.022
-8.003
-8.453
5.134
2.883
3.997
-1.541
-6.747
9.871
0.278
7.005
3.687
7.965
6.09
-8.914
6.414
1.259
-6.081
8.715
-8.133
-3.563
0.103
4.189
8.827
7.608
1.196
1.411
1.933
-6.953
-7.695
3.744
3.157
-1.473
-5.767
6.334
-8.892
3.163
8.552
-2.27
5.925
-1.665
5.994
-1.561
-9.516
-8.368
2.108
-8.527
3.687
1.795
0.547
-4.738
-6.58
3.237
1.343
2.85
-2.37
9.71
-1.573
-5.249
-2.175
-0.069
-7.42
-4.464
9.249
-4.829
-2.218
-5.283
6.387
8.535
1.621
7.25
-0.181
3.825
-8.082
1.436
8.429
3.238
-7.696
8.623
1.318
8.009
2.831
-4.886
-9.642
-8.525
6.056
3.514
8.968
-0.539
0.66
-7.907
-1.479
-3.843
-1.317
3.532
2.32
-0.387
-6.25
2.761
-3.299
-3.827
-0.847
0.226
-6.51
3.002
6.482
-9.135
5.321
-7.767
-4.096
9.614
-5.998
3.79
8.138
8.858
4.435
0.687
-2.05
-2.297
-3.106
-2.613
4.887
-1.501
-2.003
-1.464
-5.7
3.722
5.953
-5.554
-0.088
4.972
-7.157
4.883
-9.447
-8.455
4.744
2.095
-1.8
5.403
2.73
-5.722
1.787
0.284
-6.564
-3.31
2.904
1.146
-5.8
6.749
2.528
-5.141
-9.559
7.162
0.63
9.066
3.773
-1.414
3.101
-9.442
-8.324
-9.035
5.432
-2.939
-2.831
-3.819
-9.399
3.841
-0.356
3.582
-5.897
0.146
1.178
-1.915
9.488
-7.524
-4.303
-8.533
-7.881
7.541
8.632
-6.714
6.97
3.026
1.476
-9.872
7.318
-4.013
3.543
3.385
-2.73
1.201
-7.056
0.726
-6.229
-4.845
-1.618
-0.631
7.108
-2.957
8.494
9.848
3.393
9.715
-9.097
-6.015
-9.487
-6.913
5.798
9.808
-2.33
-6.996
8.991
9.005
-4.613
-0.368
1.035
8.213
-6.731
8.696
5.403
-9.692
-9.172
2.2
0.466
-6.231
4.068
-3.13
0.046
2.686
-6.602
-5.726
-8.969
5.963
-3.519
-1.272
-3.696
7.896
-3.639
7.558
-0.513
0.791
9.064
5.042
5.614
-3.982
-5.816
0.333
6.026
-7.35
0.375
-8.762
4.308
1.191
-3.012
-0.78
-3.427
-3.688
-2.189
4.884
6.378
3.85
4.042
-8.023
9.185
-7.765
7.466
-4.63
-4.655
2.111
-2.864
3.906
-5.081
1.178
8.251
-4.731
0.4
-3.366
-9.114
9.214
-1.364
3.778
8.512
2.964
4.993
0.216
-8.266
2.946
1.482
7.607
-6.952
-0.292
2.311
-8.791
-0.774
8.371
-0.701
8.969
0.567
3.234
-4.048
4.289
7.371
-4.001
-8.628
4.083
7.872
2.184
-6.432
-3.821
-9.038
6.418
0.315
9.6
3.795
-2.761
-6.9
-9.935
5.548
9.323
2.959
-6.66
-8.998
3.3
2.797
-8.771
2.311
-4.696
9.681
-6.61
-7.77
-6.409
1.697
8.946
4.234
1.135
1.223
8.405
9.156
-1.042
9.477
3.327
7.873
5.094
0.561
-1.789
5.589
-0.078
7.074
-6.039
9.148
1.772
-3.12
1.951
6.941
-5.396
2.661
-0.704
-4.624
7.386
8.462
-2.812
5.294
3.129
-6.692
-5.243
0.701
5.011
-9.089
-3.876
5.278
2.624
2.4
-4.738
0.046
-2.139
-7.474
-0.971
1.738
-2.501
-0.416
0.928
-4.04
-5.045
-5.11
-2.597
-7.321
-1.331
5.781
-7.083
1.793
-0.114
-9.156
-9.823
-0.652
-3.398
-6.227
-9.112
-6.099
-7.332
-1.826
-9.15
-0.823
-1.192
6.994
-5.184
6.808
4.069
-0.419
9.921
-3.707
-9.122
8.298
3.008
-7.39
2.265
6.602
-1.47
-1.247
-5.428
1.877
4.158
-4.925
2.421
3.516
-8.709
2.631
-1.912
-0.899
0.926
-9.918
-3.381
-6.551
0.688
1.773
-0.823
9.817
3.352
-2.546
-1.777
-9.82
-0.203
-0.266
6.567
-5.986
-8.775
-7.579
-6.975
9.642
-1.361
4.94
-0.155
4.743
0.159
-1.25
-2.347
-1.933
-4.746
3.205
-9.444
-8.162
-5.382
2.495
6.717
-6.154
-5.255
-6.777
8.119
6.436
-9.861
-0.747
-8.256
-1.736
-0.075
7.009
1.819
-1.186
8.353
-8.694
9.338
7.88
9.944
-7.727
9.956
-5.552
4.24
-3.484
1.23
2.404
1.994
6.644
3.563
3.626
-1.373
-2.643
-4.601
3.754
1.03
-1.82
-4.473
7.318
1.529
1.433
8.966
0.238
-8.175
8.793
-2.073
-9.303
4.809
-7.286
-6.692
0.554
-0.479
-2.137
-8.402
8.151
-3.17
-0.337
7.47
-5.999
-2.045
-9.485
-4.177
-6.181
-0.399
1.019
-8.157
-8.663
-8.174
-1.175
-1.504
-1.693
-8.932
-7.861
-6.327
-0.603
6.005
6.497
-0.496
0.042
-8.199
8.556
-8.293
7.682
9.629
1.353
-8.194
3.687
1.32
6.383
-0.858
8.318
-7.129
-0.673
3.217
4.397
1.237
-1.133
5.361
-4.217
7.948
-5.807
4.284
8.786
-4.741
8.512
-2.64
-9
2.786
9.459
-2.707
-4.697
9.419
3.493
8.935
-4.648
-5.297
4.6
1.724
4.851
1.407
2.503
9.675
-7.848
-7.93
-7.964
8.591
-1.523
-6.477
7.709
3.614
-3.362
7.652
3.821
3.999
9.523
-7.424
3.818
-2.141
2.748
6.908
5.515
-7.737
3.589
7.593
-9.346
9.343
-3.33
3.536
-5.708
-3.191
2.799
2.943
7.596
-2.908
3.694
6.55
1.881
6.757
1.116
-3.336
1.715
-9.93
4.037
5.326
0.294
-1.632
-6.891
-9.518
-6.88
0.337
-4.656
6.772
-9.041
3.601
-4.197
-3.038
9.588
-9.765
-0.942
7.335
4.689
-6.93
-9.912
6.96
1.282
-7.109
3.061
0.785
5.079
-5.696
-9.571
-6.537
-2.406
-6.189
8.944
2.437
5.446
1.832
-1.108
2.359
-8.192
-1.357
-1.207
-6.649
8.746
-7.968
2.956
2.755
6.93
3.448
-1.503
-1.979
0.784
7.639
2.566
5.431
7.459
8.666
-5.921
4.78
-7.37
0.504
4.703
-9.103
-0.048
-9.205
-7.079
5.335
-1.64
-0.841
5.864
-3.097
-8.299
-7.079
-4.642
9.804
-9.525
-3.31
0.425
-1.645
5.319
4.779
3.553
-4.931
-4.056
8.305
-5.473
5.52
-5.964
7.207
-3.704
4.755
-7.812
4.656
2.218
-3.44
-8.459
-2.508
-2.884
-2.467
-4.754
4.087
5.505
6.503
-4.353
9.529
-2.277
-7.406
6.253
-0.819
-0.614
1.388
-3.582
-8.889
-3.228
1.436
-7.081
6.249
-8.472
5.833
2.354
-2.756
-4.432
9.752
3.082
6.025
9.047
5.598
-4.751
-6.345
-3.348
6.084
5.728
-7.176
-0.769
9.097
-7.738
4.284
-2.102
-7.852
-4.915
2.638
6.176
-9.423
3.962
-6.851
-9.104
2.737
-6.658
-8.494
-3.783
4.435
4.802
-6.803
5.518
-5.086
7.744
-9.324
6.122
2.461
9.323
6.058
-8.319
0.544
7.811
-5.075
-0.398
7.514
2.524
-0.48
3.722
-8.528
-2.502
-0.007
-8.886
0.988
5.171
-6.276
-2.555
2.592
6.138
7.768
3.635
-8.864
-3.763
-4.821
-2.969
-2.698
-3.436
-7.756
-7.367
6.797
8.593
-2.253
-6.226
-7.474
5.767
-2.43
-9.734
-9.721
-1.537
6.857
-4.155
-2.098
7.804
-4.311
6.437
2.754
7.79
-6.309
4.561
-4.351
-8.769
-1.379
-7.206
-5.599
-7.847
-3.516
1.898
1.189
-0.66
-2.76
4.562
0.227
6.637
0.534
-4.882
6.074
0.946
-0.188
0.694
1.335
6.955
8.059
-3.553
7.02
9.264
-1.187
3.579
-8.925
3.321
6.36
5.091
9.305
-5.702
-6.837
5.575
-5.089
-8.851
3.874
-2.006
8.737
4.48
-0.084
-1.854
6.169
-1.605
-6.256
5.748
-4.459
0.698
2.092
-7.699
-2.155
8.156
8.706
-9.203
-3.359
2.139
9.821
5.233
9.529
3.235
-3.85
-5.653
9.895
-2.949
4.631
-2.37
-8.393
-2.209
-3.592
6.196
-6.097
-4.81
-3.929
4.436
0.947
-7.225
8.496
-3.835
8.463
-0.519
1.868
-1.349
0.153
-3.888
-1.527
-2.712
0.063
-0.674
-4.443
6.096
-2.182
2.136
1.535
-7.674
9.288
-0.592
4.335
7.846
-7.629
3.468
-8.36
1.708
9.366
5.502
0.644
4.802
-8.678
-9.932
3.337
3.181
-4.691
-7.933
-2.586
1.869
6.102
-5.051
3.523
2.119
8.244
-7.763
-2.77
9.9
-3.311
-9.122
-8.625
-9.158
-8.401
5.195
9.737
5.716
-3.746
-0.786
-9.007
-9.714
-2.658
9.525
-6.397
-3.174
0.953
-4.791
-5.061
8.355
-7.51
-2.942
0.922
-6.492
-5.373
8.747
-8.149
-2.594
3.231
5.425
-4.093
-2.663
1.373
5.258
-2.482
-2.079
7.518
-2.803
-0.915
-9.19
-1.143
-1.118
-0.126
1.654
4.6
1.862
-0.219
7.211
4.721
-9.594
7.192
-8.207
-2.069
8.997
-4.181
-7.177
4.965
-6.585
2.93
2.766
-7.172
-4.96
-6.809
6.55
-6.795
-2.589
6.32
5.172
-7.859
8.496
2.414
9.808
8.032
-8.105
-1.358
-6.544
-5.731
-6.37
-0.686
-5.142
3.217
-2.254
3.806
6.613
-4.235
8.568
4.815
4.027
-8.906
-7.203
-0.367
-5.107
7.066
9.747
0.233
-6.225
2.662
2.304
4.643
-9.504
2.085
-1.539
-2.856
-9.619
-2.273
9.903
0.08
6.919
5.826
2.793
7.125
4.55
7.952
-5.449
-3.143
1.289
-6.9
6.714
7.383
-5.945
4.247
9.081
-0.993
-1.895
2.667
-8.397
-4.067
3.51
5.979
3.84
7.226
9.144
-0.227
-3.566
6.595
-0.919
7.877
-9.703
2.441
-2.985
-2.085
-0.881
8.446
2.812
7.924
5.732
-0.557
-7.044
6.694
5.57
0.951
3.51
2.946
9.718
9.598
-1.528
3.634
9.673
3.481
7.386
8.482
-1.484
-3.689
6.031
8.624
3.752
-4.025
1.852
-9.631
-5.587
6.168
5.508
-2.476
0.678
-0.318
1.343
2.237
3.826
5.046
-6.364
0.833
-4.163
4.106
9.626
-4.1
9.404
3.353
-5.304
-6.446
8.612
-1.958
4.76
-6.473
2.269
1.608
9.079
0.292
8.537
-8.681
-1.465
-7.626
-2.911
-0.961
9.871
4.786
-7.914
3.846
6.416
-5.193
-1.033
-0.621
1.939
-9.669
-9.073
1.5
7.9
-4.045
0.808
4.078
8.741
-3.003
-8.646
7.29
-0.066
5.248
3.306
4.3
-5.255
-1.569
9.667
2.486
-1.994
-7.875
2.539
7.528
6.286
-4.6
-6.466
-5.741
0.215
-1.952
-7.742
-3.323
0.263
9.476
0.491
-3.155
7.71
-5.96
6.199
-2.121
-4.578
-5.729
-3.842
0.897
-0.484
7.181
8.432
3.838
-3.78
-1.598
4.522
-6.924
-3.1
0.615
-4.129
2.014
-9.562
-2.615
6.315
1.235
-0.184
-4.476
5.168
1.118
-1.997
-0.388
3.266
-2.698
5.881
0.254
-3.762
-2.654
8.643
2.843
-7.19
-2.35
-1.636
-0.286
-8.388
3.755
-3.271
-3.708
-1.058
1.962
0.252
-8.657
-1.503
4.973
5.44
-4.118
-5.181
-7.631
-5.985
-7.76
-8.895
3.612
-5.814
7.577
5.15
-3.967
-7.355
9.751
-9.739
-5.024
9.719
9.676
5.344
-9.833
2.32
7.265
2.45
1.679
-2.047
0.158
-1.025
5.22
-1.982
6.224
-8.438
0.301
9.838
-3.589
-6.161
-3.27
-5.625
-3.695
9.845
8.402
1.058
-6.128
4.455
-2.68
-5.499
-1.002
0.458
6.491
-7.581
-5.107
-9.676
-7.775
-0.914
6.05
0.962
-4.588
0.417
5.961
-5.763
0.758
8.83
6.877
4.594
0.602
-8.048
9.537
3.1
5.978
2.083
-4.503
-9.032
3.337
-5.459
4.577
-8.744
7.882
1.387
7.27
5.339
-1.104
2.344
6.716
-8.196
-4.634
1.679
2.457
1.493
-5.791
-3.564
-9.25
-7.2
-4.161
7.449
3.288
-6.562
4.668
7.688
-4.419
1.815
5.937
-8.376
-8.129
8.373
-2.303
8.033
9.262
9.398
-5.504
0.447
-5.995
2.145
-3.955
-8.222
9.389
-2.525
6.452
1.401
4.762
8.236
-8.757
-3.595
1.744
0.108
-5.737
7.138
5.31
1.163
-4.828
6.143
1.584
3.349
-0.401
2.241
2.664
-4.774
5.291
7.573
7.081
0.201
6.965
-1.351
-0.212
-2.195
6.531
-5.358
-5.967
-5.065
1.996
5.127
-6.419
-3.585
-7.044
9.521
1.545
0.804
-3.696
5.454
9.905
0.143
1.219
-8.171
-5.553
3.699
-9.934
6.377
-0.702
7.711
3.692
4.689
-1.284
-7.382
4.366
-9.747
-4.421
-6.193
-4.033
3.333
-4.852
5.233
7.306
5.131
6.946
-9.486
-2.95
-7.874
-8.626
9.762
1.884
4.652
-5.891
-6.472
7.245
1.417
-6.605
-5.132
6.008
-0.53
-9.381
8.651
-3.754
-9.463
-8.484
-8.059
-0.152
-4.232
-5.623
-4.42
0.666
-2.062
8.045
-0.674
-9.331
3.33
8.497
9.753
-0.742
-6.446
-9.608
-9.263
2.432
8.444
-6.531
-8.264
7.547
-8.389
7.74
1.074
6.59
-7.509
1.857
5.858
-5.042
8.069
8.711
-7.044
-9.418
2.422
1.528
2.764
6.362
6.429
-6.902
7.155
-0.136
7.678
1.63
-1.017
-4.241
-6.631
-1.247
1.725
4.687
-0.105
-9.056
3.007
-5.301
8.125
-8.206
-4.045
-7.567
0.734
6.431
9.766
-5.287
4.21
-9.748
-1.188
0.571
-7.6
-0.343
2.36
-0.47
5.855
-8.389
-4.208
-0.24
-2.174
9.079
1.929
-1.9
-3.326
9.428
-7.59
4.49
-4.477
8.817
-7.122
0.157
4.206
9.367
3.125
-0.955
-8.004
0.481
-6.136
-7.376
-8.131
-6.488
-7.565
-4.256
-0.443
6.933
1.544
1.885
2.066
3.656
-2.829
-9.06
-1.927
-1.295
0.262
8.613
-9.726
-3.893
-1.885
9.125
-7.272
-1.82
0.254
9.401
5.913
-8.845
-1.564
5.686
-6.962
6.621
-6.933
-8.919
-8.585
-7.357
1.464
-3.253
8.8
2.697
-9.681
-5.523
-8.435
1.785
2.335
-6.987
9.631
6.144
3.747
-0.065
-2.104
-1.068
-4.002
6.942
3.95
-7.492
7.08
8.467
-3.745
-3.646
-9.895
2.662
4.172
-7.389
0.182
6.564
-5.286
4.337
6.004
5.808
-0.992
7.943
7.183
-0.002
2.372
-5.917
5.395
-4.699
7.96
0.418
4.839
-9.7
7.791
-8.681
1.296
-7.15
-1.039
6.682
8.804
7.616
9.588
9.591
-0.624
2.419
8.289
4.483
-4.276
8.935
-3.095
8.06
-3.538
-6.161
-3.16
-0.825
-0.783
-6.338
4.346
3.408
1.856
-8.728
-4.746
4.027
-1.148
-9.381
2.161
-5.548
0.093
-0.871
-5.697
-7.304
-6.232
-3.329
-8.807
7.402
0.255
-4.274
8.538
-3.045
-7.409
6.39
-3.473
-5.387
5.967
-3.094
-2.2
5.264
6.813
-1.217
5.194
-6.479
-5.803
9.414
-7.379
1.272
-6.828
3.641
-9.782
7.351
2.916
5.349
8.51
1.891
-1.179
-2.616
3.621
6.994
8.045
4.242
-3.089
-9.385
2.754
-4.722
2.702
-7.5
4.047
-4.07
-1.715
-8.95
-7.041
5.578
1.069
-1.239
-5.115
-2.78
4.916
6.537
1.936
-0.871
-6.928
1.705
-9.143
-7.278
-3.135
-4.431
3.306
-8.27
8.136
-5.315
0.571
5.658
-8.258
0.802
-2.574
0.377
-5.089
6.433
-6.398
-1.427
9.815
0.046
-6.303
-7.047
2.557
9.028
-4.943
6.183
-4.351
2.305
-9.876
8.972
-4.136
3.035
9.05
-2.092
-1.017
-3.439
-3.692
4.045
6.004
5.421
-6.796
2.6
5.114
-3.566
1.103
-8.949
3.783
6.083
-3.722
-0.371
0.751
1.348
1.74
-8.805
-0.795
3.524
3.511
-2.466
6.586
0.551
0.985
-6.144
6.688
6.167
-3.476
-6.753
-9.052
8.024
-2.625
4.966
-9.703
-6.895
-2.998
7.728
5.669
1.964
-9.151
4.827
-0.236
7.24
-2.755
-2.128
-2.643
1.262
-8.191
-1.073
0.083
5.318
5.972
-3.737
-9.192
2.073
3.536
3.537
-7.68
-8.267
3.124
-2.316
2.652
8.265
6.814
7.291
-1.515
7.738
6.68
-1.547
-3.449
-5.217
5.791
0.151
7.802
0.818
9.866
7.393
-4.791
-8.118
9.301
-7.381
4.105
1.262
-7.864
-0.727
2.314
-4.637
-3.933
0.638
2.009
3.792
1.109
-4.759
-7.631
5.852
-3.224
-9.919
1.165
-9.254
-5.845
0.097
-6.091
7.663
4.407
-3.917
-3.089
-6.566
2.182
-9.647
-7.153
-1.139
-7.576
6.953
-9.741
1.456
-1.17
-1.142
-0.616
-9.417
5.537
-5.521
1.028
-7.913
3.75
-2.598
3.063
8.674
2.808
9.47
5.444
-8.331
7.67
5.655
2.31
-2.323
-3.284
8.307
-4.484
1.056
-1.573
0.88
-7.162
8.833
-7.75
5.571
-8.399
6.583
-0.453
2.4
-1.522
-1.837
-6.327
5.719
6.165
-4.189
1.284
-9.924
-2.299
1.804
-2.453
4.305
1.001
-6.022
9.317
8.776
3.733
1.287
-2.401
-3.116
-9.658
-5.984
2.561
3.346
-4.289
-8.684
7.673
6.765
-5.737
1.291
-4.443
-2.111
-7.372
-0.554
-2.43
3.057
-1.019
1.521
8.008
7.852
6.328
-2.331
-0.238
-5.262
3.192
4.835
2.796
9.406
-8.956
-5.653
8.099
1.427
-2.722
-6.313
-4.678
4.233
0.317
-9.639
0.989
6.102
-8.489
7.272
-9.519
-9.668
-0.499
4.968
-8.763
-5.986
8.314
-5.101
6.4
6.324
8.751
7.616
-3.186
7.121
-4.704
-4.081
-4.092
-7.311
-0.941
-9.743
8.457
5.745
9.947
-5.558
6.717
1.468
7.786
-8.083
-9.243
8.069
-0.261
7.376
1.319
0.396
3.78
-8.565
1.291
2.841
0.501
5.915
-1.135
-4.871
-9.723
-8.451
4.189
7.925
4.891
4.508
-0.604
2.883
-0.081
3.287
-4.244
-2.29
5.232
5.404
2.424
2.486
5.277
-2.501
-0.865
8.995
8.146
-6.571
-4.793
-0.995
-7.237
-1.853
-4.669
5.803
3.447
1.335
5.051
-1.977
6.962
-0.864
-9.116
8.546
3.115
-0.397
9.076
1.292
-6.101
-2.522
9.237
-8.439
-7.283
-0.696
-1.39
-1.497
7.537
9.801
-7.637
-3.464
1.887
-6.018
-3.219
5.016
-6.66
3.292
-4.828
-0.877
5.14
6.695
-1.25
6.749
-5.611
7.182
-6.433
-7.053
1.655
-6.98
0.453
-2.863
-6.978
4.866
-4.812
9.306
-3.382
-2.012
-3.966
4.478
7.327
4.388
0.105
-7.54
8.186
7.289
-2.941
2.837
-6.042
-4.635
-8.441
-8.284
-4.619
-1.053
-1.014
9.888
-3.279
-7.721
-9.249
-0.399
-8.286
-7.631
9.672
8.52
6.58
-0.279
7.279
5.889
0.764
-8.925
-6.52
1.94
-8.352
-0.714
-6.791
-3.231
-5.371
9.671
-6.368
-3.282
-0.38
4.353
-2.021
-2.449
8.772
-8.76
-9.308
1.983
0.129
-6.476
6.329
-7.821
-4.799
-3.723
-3.85
3.678
-8.324
0.104
0.15
3.599
-8.131
3.79
6.747
-6.22
1.474
-7.612
-7.137
8.037
2.66
-7.658
-4.597
-2.214
-2.076
-4.404
-5.741
-3.799
-2.836
-4.17
6.016
7.669
4.199
-3.008
-3.576
-4.277
-1.562
9.283
-9.524
-5.99
-2.233
-9.193
-6.594
-4.92
9.35
6.241
-0.978
-7.115
-5.881
6.993
-9.835
0.916
2.26
-2.44
-5.806
4.783
-9.732
0.145
4.227
-6.198
2.702
-1.281
-1.576
9.812
-1.785
4.716
-8.55
4.194
5.584
-9.885
6.255
1.177
9.363
1.502
-5.546
-1.458
2.387
9.811
5.094
-8.81
-8.334
7.239
-6.232
7.187
-5.928
-8.236
8.57
-1.44
8.009
-5.07
-0.477
6.293
2.09
-3.257
0.35
-2.463
-0.26
-2.376
3.816
5.443
-0.04
7.259
-6.941
7.724
-2.134
-2.552
-1.254
4.816
-7.637
7.858
8.334
2.934
1.341
4.931
5.176
-4.767
-9.799
-9.73
-4.697
-5.355
-4.5
8.183
-3.447
-5.23
-8.031
-0.213
6.563
2.778
9.57
-9.234
9.897
5.29
-1.491
6.376
-2.034
6.058
-6.68
-9.76
8.088
-6.683
7.517
-1.185
9.977
-3.136
-2.717
4.639
9.912
-0.204
8.532
-2.531
-6.836
-4.997
-5.163
3.083
7.368
9.151
-7.863
-7.604
-9.615
-1.095
-3.409
7.641
4.109
6.334
-6.418
-5.469
5.589
7.703
-3.55
-6.944
8.138
-9.329
-4.945
8.637
-0.958
-4.046
2.868
9.477
1.581
-4.684
3.628
3.269
3.256
-1.297
6.817
-8.044
1.389
-4.62
-9.252
-0.069
-4.584
-0.193
0.092
-6.019
9.032
3.819
-6.012
2.539
1.688
5.349
-3.202
-2.672
0.479
0.838
6.079
1.946
-7.322
-6.744
-9.257
7.225
-2.707
-1.838
0.119
7.168
-2.38
6.798
-8.074
-3.647
-5.193
7.568
-4.689
8.629
-9.195
-0.415
9.752
-0.507
-8.002
3.663
-9.65
-2.689
-2.013
-0.103
-2.849
0.393
3.026
-1.906
-6.04
-6.385
8.911
-7.237
-5.225
9.258
6.68
-0.31
8.062
8.961
-6.903
-2.854
4.88
8.407
8.496
-1.232
-1.225
8.326
0.495
6.993
-8.436
9.038
5.305
-3.173
-8.734
1.478
-1.109
7.212
1.743
-4.388
-9.751
-5.946
7.945
-8.551
-4.039
-5.293
-2.757
5.86
-2.818
2.643
5.541
9.641
5.017
-3.836
1.671
7.687
-8.095
-7.955
8.932
3.014
0.792
0.074
3.66
-4.328
-7.623
-3.969
1.574
-5.117
-8.71
4.345
7.938
-5.376
2.479
0.371
6.019
3.252
-7.074
4.143
-2.693
-8.911
0.394
4.155
-1.634
-4.36
4.722
5.516
-7.981
0.528
8.998
9.002
8.131
6.411
4.794
8.281
-0.817
2.905
-6.064
9.095
9.063
-6.103
8.169
4.219
2.172
6.172
-9.127
-3.65
5.543
4.395
-9.946
8.574
-2.547
5.535
7.98
-5.944
8.32
-7.469
0.313
3.792
3.978
-1.042
3.755
-5.334
-4.455
-2.603
-9.668
-4.563
4.366
-6.151
4.599
7.05
7.771
7.49
-6.17
1.497
9.148
0.096
-7.64
-7.099
3.324
-4.194
6.564
9.291
5.787
1.214
-3.271
9.019
2.115
6.938
-2.553
-7.796
-8.111
-3.66
3.126
5.557
3.992
-6.98
-6.409
3.943
-8.503
3.182
-2.162
6.011
-3.19
-7.31
6.086
6.455
6.548
-7.879
5.806
-0.068
7.537
9.408
1.69
-2.401
9.141
-4.301
-2.094
-0.056
-5.507
-0.59
-0.151
-8.736
-6.449
-1.748
-4.234
5.724
-6.913
-8.766
-2.381
-1.869
-7.338
-9.746
0.715
-0.655
-0.686
-3.984
4.632
5.114
9.463
2.864
3.89
-7.663
8.497
4.809
-7.374
1.875
-8.523
-6.366
5.101
-3.339
-8.135
-3.271
5.755
-3.047
1.529
0.175
5.974
5.107
-4.65
-3.664
3.258
5.547
7.834
-5.18
-1.324
4.328
1.05
-4.055
2.396
-7.243
-7.279
-9.787
-7.793
-1.771
-8.538
0.467
0.524
8.893
0.51
-7.796
-4.436
-3.728
8.826
-0.663
-4.112
-4.29
-6.832
-7.471
-9.036
9.177
-4.905
-0.451
8.469
5.19
5.385
8.285
8.945
4.63
1.179
-0.568
-3.552
8.692
-2.793
-4.358
-9.723
2.709
-9.661
0.593
5.091
-2.137
8.81
4.578
3.362
8.266
9.999
6.169
4.403
-3.518
0.276
-4.798
-3.878
-6.866
6.739
4.757
-6.806
3.382
1.196
5.73
0.405
-9.388
3.789
1.794
-5.924
-6.143
-2.616
-5.332
5.055
-9.568
-9.506
-5.215
4.311
0.105
2.17
-4.445
-7.162
7.814
-9.609
1.886
-7.31
1.728
-6.452
3.813
-5.399
7.585
0.034
-5.646
5.549
-8.334
0.174
-8.811
-9.902
-6.2
5.638
-2.265
1.459
-8.761
2.65
2.977
-2.414
1.806
3.574
8.66
-9.618
-9.986
-1.022
8.8
2.056
-1.561
-0.568
2.314
5.043
0.593
7.455
-0.774
8.54
3.058
9.496
-7.765
8.063
8.576
-6.262
5.309
-9.902
5.283
6.761
6.023
-0.756
-7.959
-6.867
-3.374
-9.15
-5.959
9.732
6.734
-7.918
-1.862
-5.106
-2.094
-0.395
8.02
8.538
3.352
3.788
-5.135
-2.637
3.207
-5.567
5.478
7.825
8.203
-7.918
7.596
1.202
-7.847
-7.275
-0.485
3.064
5.08
3.254
3.351
-3.065
8.682
-9.625
7.471
5.201
-5.376
-9.637
-9.072
-2.127
-8.889
5.538
8.411
1.683
7.909
3.356
-2.411
8.298
8.365
-8.656
-9.627
6.588
3.828
-4.281
8.366
-4.147
-7.907
-1.767
-7.102
4.59
-4.276
1.72
-1.159
-0.058
2.826
1.563
-9.199
-5.229
-0.587
-4.082
-3.639
2.763
-2.455
7.443
5.637
8.051
9.29
-3.176
-3.002
0.026
6.055
-1.26
1.782
7.189
5.938
9.183
-7.351
-2.574
5.856
5.992
-3.346
3.26
-9.24
-9.631
-0.115
-7.651
-0.619
-4.951
9.097
-4.23
-8.815
5.488
7.235
-3.089
4.024
-1.809
1.506
5.376
-9.087
7.178
-7.245
-2.213
-8.814
-2.818
4.738
7.089
2.471
1.066
0.707
-0.317
6.239
-9.723
-6.223
2.784
2.57
-3.188
5.776
1.541
6.213
5.21
-1.837
5.702
5.581
-5.563
5.856
-9.986
-2.366
-8.269
7.557
4.649
-1.418
4.508
-6
-8.484
0.677
-8.541
-7.261
7.168
-2.977
-3.778
3.23
-3.975
3.292
-1.304
3.034
2.736
2.489
1.221
-5.841
2.934
2.421
-3.443
-3.865
-4.857
3.837
-9.759
5.8
7.794
-5.4
-1.096
0.024
4.702
2.194
3.513
2.588
2.867
0.726
-4.919
9.132
1.878
0.694
-2.916
-6.922
0.48
0.606
-5.316
-9.043
-6.71
-1.589
-0.286
9.84
-9.227
5.248
5.299
-1.227
7.526
4.179
3.16
-3.068
3.013
-3.97
0.74
-0.646
3.846
2.607
-8.335
-9.083
-4.257
-2.363
-8.816
5.036
2.439
3.69
-1.919
0.304
8.429
6.212
-2.365
-5.405
-2.9
-3.642
-3.385
4.765
-4.449
6.376
-2.312
0.742
-7.926
9.028
9.307
-7.572
-2.755
-4.241
-9.891
-5.326
-1.214
-4.766
7.389
9.238
5.113
7.556
0.223
3.871
-3.558
1.184
-4.211
7.885
-7.075
9.111
-6.723
-4.256
-5.378
-5.343
-8.044
-2.376
2.106
-6.495
1.702
7.492
-0.793
3.739
-2.83
-8.212
5.51
1.065
-6.837
-0.74
-3.593
4.247
5.503
7.166
9.092
5.312
6.186
-2.886
5.197
-1.313
8.244
4.687
8.349
-8.917
1.205
-4.155
-1.664
4.095
-9.67
4.072
-7.884
9.274
4.992
-6.341
1.269
-9.482
-2.495
-1.053
3.944
-3.413
7.748
4.571
9.61
-6.149
-4.333
-4.461
1.12
-5.805
8.797
-0.836
-9.356
0.661
7.258
8.482
6.744
0.149
2.997
-1.316
-7.635
3.992
4.312
8.958
-1.821
1.669
7.598
0.27
0.017
9.621
-8.976
-9.515
-7.751
-5.231
-2.244
3.574
-1.952
-6.429
-7.286
-9.227
8.386
3.357
-9.423
2.884
3.427
6.112
-1.644
1.003
9.557
-0.437
-4.21
-7.78
5.661
-1.175
-8.274
5.459
1.894
0.615
6.429
3.61
7.191
-9.984
-9.277
-4.621
2.26
1.341
-1.471
-2.827
-3.968
-2.298
3.911
-4.41
-4.152
-8.269
5.211
-4.732
5.385
6.517
7.423
3.966
3.054
-8.737
8.136
-0.496
1.811
-5.697
-9.23
-9.406
-8.655
1.609
5.186
-3.182
-0.501
-2.351
-6.611
-4.616
-5.395
-5.943
-5.737
4.237
-1.116
-4.439
-2.835
-6.498
-5.559
1.586
8.583
3.002
7.713
-7.214
9.887
7.076
5.03
-4.408
2.692
-8.997
-0.415
5.434
-3.269
-6.292
-8.768
3.458
5.889
1.429
-8.901
-9.112
-1.879
-3.577
8.544
6.483
-6.523
-1.483
8.709
9.092
-8.921
-3.934
8.732
3.201
4.946
-8.861
8.367
-3.303
-3.947
7.555
0.549
0.991
-7.595
3.277
6.198
-5.56
6.996
7.821
6.203
-2.787
9.774
-7.172
7.79
-6.825
-8.634
-3.554
3.3
1.76
-0.854
-6.686
0.53
1.853
-4.607
-3.01
-1.615
-5.611
6.659
9.795
-3.881
-3.748
-8.716
5.264
-0.663
7.524
6.397
5.015
8.214
7.275
5.772
-5.377
-9.774
5.407
-6.266
-4.328
-3.162
8.677
8.42
1.819
8.944
8.142
0.31
-0.46
2.467
9.678
2.78
8.98
4.429
-3.887
0.447
8.789
1.985
6.136
7.44
-6.148
5.247
-0.902
7.441
7.484
-8.11
-0.435
-9.783
-8.105
-7.995
-4.661
-7.313
-7.245
4.065
-3.612
-9.666
-4.372
9.443
5.952
-4.207
8.179
-1.804
3.887
0.031
1.029
-9.135
-8.003
0.22
-2.552
-4.195
2.071
-2.841
-2.382
-8.403
-8.455
8.61
0.421
-3.248
8.594
0.203
-2.955
-7.782
7.961
5.613
9.419
2.022
-4.073
-0.731
-3.093
0.498
7.009
0.103
-1.809
8.856
4.464
-5.686
8.504
-8.824
-8.507
9.74
-1.07
6.985
3.795
-7.292
-0.137
7.99
-1.113
-0.222
4.065
1.775
2.053
0.136
-4.197
-7.949
8.72
5.187
2.511
9.783
-5.741
-0.315
6.06
1.558
-7.309
-9.772
-9.351
1.846
0.194
8.413
3.975
-8.869
0.543
3.251
-7.023
9.08
-6.579
9.214
-2.473
-0.715
1.796
-1.935
-9.848
-6.457
1.562
9.011
7.184
7.922
9.216
-0.839
5.81
6.444
-4.504
-7.808
1.629
-2.648
-7.299
4.685
8.946
5.85
-6.655
-5.409
2.882
7.08
-5.306
1.899
-6.775
-4.301
-3.81
-4.176
8.879
-0.666
5.749
-2.31
-3.556
8.01
-6.024
-7.023
-5.814
-4.64
8.303
-6.119
6.488
0.54
8.057
6.414
-4.708
2.746
-8.842
6.584
2.958
8.374
7.396
-1.309
6.883
-2.324
-5.288
5.281
-0.34
4.601
0.067
-6.892
-3.564
6.436
-9.949
0.425
0.14
6.132
-0.688
-1.046
4.107
8.834
-8.284
-4.72
-1.986
5.871
7.97
3.718
9.119
-9.345
-9.086
-2.905
1.234
-7.659
2.181
-7.813
-5.801
-9.575
-5.305
2.419
-3.016
-1.091
9.099
-7.502
5.38
-0.89
6.99
6.167
2.695
5.388
6.884
-9.403
0.398
7.302
-6.762
5.026
-0.051
7.23
4.657
9.993
3.555
9.797
2.471
3.851
1.113
-0.711
1.727
5.872
-0.342
-0.005
5.845
0.77
1.194
6.382
4.307
7.769
-7.324
8.02
4.407
-6.283
1.448
2.054
-6.73
6.488
4.744
3.393
-4.066
3.239
5.281
7.753
-2.3
-0.512
5.626
0.061
-7.667
2.6
-2.937
-5.198
-6.659
-6.567
8.906
2.213
-9.121
-0.024
4.87
-1.735
1.003
2.107
-2.405
10
-2.239
-1.836
5.432
-6.191
7.839
-4.186
1.506
9.556
2.654
-3.719
-9.227
2.061
4.217
1.859
-7.343
6.491
-7.723
-1.921
-0.336
-3.974
-7.848
9.07
-5.619
1.021
7.556
-7.018
1.717
7.138
-5.241
0.327
-0.634
6.31
-0.873
4.133
-4.206
7.626
8.288
-2.555
6.246
9.207
6.234
9.714
7.766
2.086
-3.198
-5.497
2.46
9.608
9.914
7.77
6.343
1.859
5.97
8.848
1.804
2.376
1.531
0.503
-0.939
6.055
-9.681
5.92
8.582
3.528
-1.396
-1.381
3.117
-0.721
9.343
1.545
2.982
6.808
-5.94
2.865
-1.367
7.011
-9.021
-2.579
-8.279
-3.135
-4.617
9.499
-9.626
4.827
-0.955
-5.948
8.331
6.926
1.933
3.909
5.779
1.804
6.799
-0.242
-9.606
4.462
5.429
-7.248
3.833
9.979
-6.683
3.775
-6.03
-1.853
-2.995
5.6
9.533
9.053
-0.444
7.684
-7.217
6.126
-0.983
-3.797
-8.586
-6.541
-8.221
9.253
2.556
-8.231
3.532
-9.666
-1.012
-1.262
0.192
9.4
8.645
0.86
9.651
8.495
-2.298
-0.142
5.033
-4.043
-9.041
8.221
0.65
5.892
-6.225
-4.155
-4.565
7.944
0.424
-9.123
6.606
-4.698
2.391
-8.43
3.412
-6.215
7.078
-5.983
3.018
-0.403
-9.751
5.878
-1.256
-5.167
0.621
7.376
-2.268
-6.446
2.174
7.154
6.078
-4.583
0.342
0.234
-8.529
9.863
-0.547
-3.86
-6.018
7.849
-9.847
5.549
-5.845
1.325
2.871
-2.512
7.764
3.758
7.881
-5.065
9.5
-2.764
8.809
-7.588
-5.453
7.043
9.24
-0.482
5.889
-0.652
3.962
-5.923
2.287
2.273
7.543
-8.095
-6.071
7.939
-6.91
3.318
8.618
0.594
-9.074
-4.07
0.324
6.658
5.268
2.277
-9.753
-8.894
3.958
-7.71
-8.301
-0.966
4.733
3.719
-9.92
-0.131
-5.987
6.811
-0.263
8.176
-8.639
3.927
-0.437
6.271
2.74
-9.195
7.407
8.859
2.363
9.307
3.425
9.125
4.543
7.3
-4.594
6.588
-3.952
3.822
-6.631
2.902
-8.23
-1.588
3.122
6.487
2.02
-9.42
-1.313
9.117
-0.223
-4.279
9.4
2.509
-7.481
6.244
4.889
2.324
8.996
-2.804
-9.724
7.886
-3.696
-7.195
-7.828
-0.141
6.253
-0.915
5.788
2.53
3.51
0.231
1.925
-4.454
5.385
9.347
-4.791
4.236
6.985
-3.056
-4.018
8.745
-7.393
9.65
-5.355
7.781
9.529
9.389
-4.722
-3.978
6.784
9.357
-8.225
3.33
9.777
-2.985
-0.45
7.986
-4.706
-1.025
8.582
-5.503
-7.758
9.878
-3.503
2.299
-1.471
-7.715
-1.497
-6.578
4.658
-0.232
7.06
1.488
2.243
-3.869
-5.728
-9.343
-8.515
-2.168
9.18
6.19
-3.243
9.474
-9.684
1.696
-3.38
9.01
-1.76
2.665
2.154
4.287
0.666
-6.549
-6.003
1.951
-2.482
-7.263
-9.483
1.188
-8.852
-6.352
-4.908
2.731
-7.994
-0.551
3.904
9.607
-4.306
7.291
-7.534
9.432
-8.129
-1.411
-4.242
-2.601
-5.499
4.221
2.623
2.899
-5.25
-3.298
-9.519
-3.804
8.359
-2.685
-1.27
7.319
6.905
4.025
6.668
-8.066
-5.987
2.055
-5.851
8.687
-5.817
-7.078
2.51
4.602
-6.684
-7.196
3.454
1.169
3.2
-2.206
-9.495
5.626
-3.342
7.8
5.695
9.992
1.575
0.737
-8.676
-9.826
-4.431
1.307
-2.758
2.536
2.435
-2.28
6.18
3.555
5.175
-4.673
-4.582
-0.471
0.656
7.604
-8.579
-6.228
0.381
-4.433
-0.154
1.797
-7.014
4.132
3.02
-3.983
-0.35
5.931
-7.613
5.601
-0.985
9.776
2.84
5.079
7.964
-4.631
-8.134
-6.857
-8.467
6.477
3.076
8.579
5.668
-7.704
-8.404
0.936
-4.423
-1.827
7.601
-2.13
-1.848
5.457
-3.182
7.703
7.076
4.445
-4.291
-0.251
-1.5
-5.013
7.876
-3.424
4.641
9.552
-2.786
-7.667
-0.939
-0.339
-5.569
9.458
9.968
-6.528
5.96
5.85
-8.448
8.091
0.184
-8.175
-3.452
-1.938
-6.352
-3.837
9.893
8.792
-3.935
4.095
9.402
6.83
-8.506
-0.9
1.998
4.63
-5.799
3.919
6.29
-0.542
-5.282
-1.114
-9.003
-4.979
2.471
0.901
-0.752
-5.069
7.987
6.219
1.198
2.403
6.779
8.836
-2.228
4.933
-5.08
8.014
-8.683
2.496
1.791
4.311
3.318
-8.858
0.238
9.788
5.464
2.551
0.142
-0.348
3.635
1.194
2.529
-4.588
-2.305
6.064
1.619
-2.278
-0.255
-9.401
-7.028
-3.01
-4.332
-4.28
5.091
-3.527
-9.607
-4.736
1.765
-8.325
9.772
-4.055
-7.512
-1.91
-7.348
4.974
-2.567
2.903
-3.131
-9.216
-7.35
7.654
-6.172
-6.333
-7.667
-0.68
5.498
-0.899
6.618
-4.543
-5.016
-0.089
3.496
0.771
-6.892
-3.086
-7.086
2.262
3.143
9.701
8.141
-0.648
3.924
1.728
-3.373
-8.663
6.06
-3.6
-7.043
-2.751
-6.711
-2.175
-0.44
-4.682
4.699
1.347
2.686
-9.638
9.092
-9.907
-2.392
4.138
-9.54
6.726
-0.558
-4.846
-2.937
0.981
-0.662
-3.763
-5.238
3.55
6.52
7.571
-4.613
1.589
2.31
-7.491
-3.489
-1.56
2.589
3.749
1.165
-2.077
-3.977
0.272
1.795
8.533
7.09
3.685
6.153
7.671
-8.911
2.19
0.312
-3.852
5.072
2.018
-3.186
8.968
2.778
-3.918
-9.764
-5.431
-0.314
-5.83
-5.827
-2.051
0.12
-2.035
-1.672
8.268
8.567
5.238
-1.618
9.299
9.466
5.82
6.907
-2.669
7.604
9.475
1.34
-0.435
-8.931
4.286
-1.194
1.735
-1.345
7.424
-7.026
9.627
-8.807
-2.092
3.163
6.359
-3.755
4.249
6.288
-0.326
4.808
1.893
8.385
-6.722
-6.776
2.846
1.224
3.779
5.446
3.136
4.358
2.77
4.622
2.589
7.924
-8.331
6.474
-5.19
-1.975
-5.468
7.723
4.436
-4.045
4.911
4.827
8.169
5.131
-6.049
-5.888
-3.779
-9.731
-6.42
4.761
4.186
-9.415
-1.946
-5.962
9.764
-4.048
9.166
2.652
1.092
9.626
1.614
-2.713
6.984
-5
-6.348
-6.381
1.636
1.937
2.798
4.203
-8.663
-3.641
-8.679
-9.138
-5.162
6.618
-3.744
-8.39
5.898
9.217
0.228
0.66
-5.832
-7.752
-0.074
-8.328
6.997
-8.793
0.629
-2.512
8.453
8.806
-9.24
-0.202
4.463
-9.172
3.533
8.559
-1.833
6.891
-1.471
-1.661
-4.921
8.91
1.787
3.394
5.164
4.691
4.319
1.136
1.168
3.352
9.306
-4.307
-3.134
-7.404
-3.482
-8.284
-9.8
3.977
-1.213
-4.608
-3.194
7.505
9.046
6.066
-5.786
5.791
9.288
9.939
1.55
-4.097
3.626
-3.35
8.169
-8.302
6.096
-6.199
9.691
3.904
-2.697
-2.913
-2.131
-8.422
4.167
-8.065
8.385
3.277
0.721
7.331
7.093
2.45
0.57
-8.723
4.535
5.201
6.086
-0.117
-7.632
-3.396
-4.837
-7.897
7.14
5.898
9.175
3.836
6.327
1.827
-2.72
-8.098
6.487
-3.223
9.539
-0.117
6.371
-5.308
1.259
1.161
4.021
4.77
8.972
0.656
4.494
-8.91
-3.275
-3.856
4.574
8.922
-9.168
-5.027
-8.426
1.812
-7.456
5.189
-6.305
-7.941
3.305
-2.132
-5.854
-6.337
-7.646
-3.759
-0.897
-2.935
4.728
1.71
3.692
7.028
-7.106
6.153
9.305
-5.986
-9.24
0.061
0.339
-9.232
7.081
4.48
2.01
0.566
0.45
8.622
-5.946
6.521
-4.123
-8.74
-4.638
5.143
-6.053
8.615
-3.025
-7.067
-3.5
2.234
-6.906
3.016
2.761
7.501
-3.011
0.019
4.414
9.599
8.165
-3.069
-9.159
2.414
-7.56
0.048
1.05
7.667
-3.392
-0.618
3.765
5.519
1.204
-5.219
-2.637
-3.341
-4.861
7.556
0.009
-8.12
4.195
-5
-8.522
-1.324
7.407
-5.407
0.398
9.222
-0.288
0.509
-5.765
0.371
1.561
-0.127
9.349
-1.175
1.769
-4.852
-6.175
-9.67
9.524
2.723
9.407
8.088
-4.07
7.45
2.926
-9.823
4.256
4.658
4.173
-8.745
-3.265
0.17
-6.567
-9.794
-6.067
-2.812
-9.807
9.461
0.398
-0.091
4.86
3.07
9.268
-1.193
6.448
-3.488
-6.192
-3.63
-7.342
2.612
-3.211
-9.696
8.186
-4.653
7.085
-5.954
-2.938
3.675
5.228
0.047
2.114
5.195
-1.616
-2.214
-9.718
-6.531
-6.813
-3.236
-4.675
-5.075
-0.79
-3.687
5.374
1.265
-9.165
-9.29
-4.585
-5.417
1.893
5.425
-9.754
9.864
-3.282
-3.393
-8.281
-7.617
-8.805
6.057
8.82
0.423
1.783
-8.139
8.701
-8.725
6.934
-8.288
-9.494
-3.173
-8.875
-1.571
9.103
3.637
-2.385
-2.275
-2.757
-7.418
1.667
-5.836
-3.883
4.894
-6.261
9.058
6.73
-2.486
6.761
4.933
-0.625
9.077
-0.537
4.856
1.787
5.987
0.44
-6.181
-1.818
4.111
4.295
5.382
-4.275
-0.259
9.365
-7.835
-8.557
1.052
0.22
-3.086
-8.267
3.094
4.916
1.077
3.696
4.063
-6.648
-3.157
-0.175
9.867
6.247
4.327
-3.574
-8.133
-1.437
-0.399
-0.156
-1.068
-4.915
-0.654
0.915
4.893
7.838
3.543
9.92
-1.852
-4.319
5.851
7.414
1.221
-8.231
-9.831
6.836
-0.969
2.508
-4.512
7.478
5.253
0.346
1.097
4.431
7.577
1.999
9.8
-2.752
-7.561
-8.994
-4.387
6.263
-9.101
4.171
-3.911
-9.737
7.383
9.477
-8.941
6.457
5.579
-3.387
-3.24
-4.75
1.143
7.052
2.046
-6.187
-6.389
-8.364
-8.065
0.166
-7.022
7.038
9.806
2.89
9.071
9.441
0.022
-8.362
1.992
-1.179
8.522
7.65
0.063
-1.144
9.732
1.651
9.246
-4.642
-2.998
-7.314
-2.55
6.309
3.582
-0.616
0.273
4.736
-0.899
-2.775
7.559
0.445
5.056
-9.908
6.347
8.709
-7.923
5.707
7.543
-1.199
2.685
7.939
6.907
4.589
0.891
-0.557
-3.01
4.934
-6.939
-0.354
7.553
3.03
-3.403
-8.463
7.619
4.042
-4.184
4.579
-7.469
-9.779
-0.662
5.718
-0.564
5.929
-5.604
-2.987
-1.742
3.741
-8.068
-7.55
4.425
5.114
8.135
-0.302
-1.616
-5.464
-4.594
8.302
-3.292
-7.167
-1.784
-5.947
-5.693
8.329
-5.769
9.664
-7.199
9.226
-1.725
5.207
-0.853
5.561
-3.978
6.062
2.556
-4.881
-8.651
-2.368
-7.09
6.568
-8.008
6.593
-8.608
-6.918
-2.769
1.406
-6.217
1.231
6.107
8.672
5.412
4.088
-1.046
1.269
-5.768
3.176
-7.956
5.831
6.326
-6.468
5.357
-4.203
-1.485
-8.595
5.163
-6.637
0.943
5.848
9.094
4.24
-2.178
3.739
8.889
2.379
-6.217
7.749
-8.448
-6.735
-1.354
3.58
-7.902
-5.361
-0.667
-8.583
-2.794
-6.95
-4.068
-0.31
1.338
5.274
3.234
4.451
4.643
2.333
3.301
-7.282
5.531
2.458
-6.841
7.623
6.052
6.751
-6.088
-6.818
-4.4
-1.488
-1.456
7.619
-7.414
-7.131
5.163
-8.995
2.237
-5.951
-7.401
-5.043
-6.564
-5.975
4.173
7.724
-7.965
4.501
-0.226
6.424
-4.14
-0.089
-6.726
7.097
2.975
-0.569
9.708
4.325
-3.07
9.481
8.543
-2.249
9.12
1.496
6.226
-6.345
6.744
2.402
-0.051
2.758
-2.959
-6.333
1.233
-3.606
8.478
-0.945
-6.965
-2.304
-1.97
-4.365
-0.473
5.977
-5.807
-1.199
6.161
9.364
4.83
-6.443
6.02
0.805
-2.405
-8.693
-6.089
4.023
-8.095
-5.378
6.727
5.648
9.033
7.426
7.513
-3.804
-6.421
-8.957
-7.625
7.293
-9.477
7.961
-4.877
-0.02
-1.55
-6.469
-1.778
3.304
0.708
1.502
3.182
-4.664
-5.018
-9.667
-8.37
7.685
-7.258
1.451
-5.327
4.105
9.814
3.84
-0.207
-9.039
-5.63
-7.93
7.707
9.073
-6.457
-8.704
-8.916
8.154
6.045
2.439
6.147
0.814
3.383
9.234
4.124
3.836
-3.422
-9.47
0.616
6.677
-7.306
-1.473
-4.077
8.405
-6.279
-5.438
-4.9
4.147
4.895
-8.45
1.373
-6.306
-6.102
3.745
0.247
-3.734
3.661
8.126
0.434
-8.813
-4.795
-9.7
8.803
5.823
-2.62
-7.301
-2.111
1.535
-4.082
4.261
-8.362
6.806
0.633
0.096
0.994
-8.059
-2.308
-6.869
-1.398
-7.458
7.073
6.442
0.73
-3.798
-7.821
9.398
8.004
6.762
7.744
-7.027
9.042
-6.951
9.71
-1.867
3.319
8.98
8.808
-7.477
-9.328
8.957
-3.471
-0.954
-4.092
-0.887
1.109
5.52
-6.484
-0.094
1.663
-1.517
-4.709
-0.754
-2.726
-7.14
-0.438
-4.34
-7.664
9.222
3.984
-2.004
2.583
-5.408
3.759
-8.378
3.133
-6.255
7.774
2.324
-8.348
1.409
-5.155
-2.179
-5.67
2.719
4.858
0.068
4.606
-8.878
-6.593
2.525
-4.058
-7.087
4.757
-5.23
1.556
-1.888
-0.723
8.99
-9.914
0.602
4.569
5.942
0.8
9.832
-7.84
-4.013
7.907
-2.359
3.868
9.568
7.679
-2.693
1.155
8.71
3.741
-5
-9.303
5.471
8.69
-3.693
-6.828
-8.514
-9.433
7.72
3.21
9.324
0.315
1.569
-3.459
-3.403
-5.061
7.549
-5.702
3.507
-7.064
-0.502
-4.096
9.615
8.356
5.713
-0.136
-6.794
-1.723
-4.551
6.899
-0.851
2.099
2.119
6.963
0.935
-2.298
-9.382
8.898
-8.353
2.4
5.85
-3.825
4.003
6.732
-2.036
-5.683
-5.614
8.036
-4.326
7.267
2.513
-5.597
-6.017
9.843
5.122
-0.218
2.101
8.626
-2.517
7.104
-4.546
-3.773
5.514
-4.644
-2.509
-7.055
2.379
8.857
6.855
-0.209
-9.253
-8.936
7.939
1.238
-8.661
-9.837
7.803
9.692
-7.173
7.352
-0.406
-9.359
-0.365
2.071
-5.362
1.163
6.152
-1.973
0.948
0.692
2.911
-8.483
1.953
6.019
1.927
-5.729
8.851
-8.174
0.361
3.877
-1.879
1.183
-0.096
-9.309
-5.329
3.956
4.717
-0.045
-2.029
-7.054
2.541
4.733
5.77
4.094
-8.168
0.221
6.405
3.246
3.044
4.546
-8.213
-1.315
1.218
8.511
4.189
4.982
9.605
-6.304
-9.43
8.696
-9.55
7.63
-2.354
8.364
4.285
-1.465
-4.769
-3.215
-8.007
-9.114
7.967
-4.126
5.303
-4.77
-2.542
0.111
4.022
-9.205
-3.286
-0.163
-0.754
0.786
-1.729
7.851
4.207
2.731
3.121
-8.004
3.839
-2.105
-3.908
4.692
-8.677
-8.35
0.863
2.6
6.381
-3.63
3.138
1.759
0.921
-9.672
6.313
-6.993
-7.784
8.993
2.307
5.474
1.147
8.612
-4.949
7.706
9.431
7.869
-2.219
2.435
6.111
1.78
-7.898
2.778
-5.163
-0.924
5.086
9.916
-1.752
5.713
-9.089
6.616
9.832
-6.732
-0.18
-1.503
-9.483
-5.356
-1.619
6.688
0.366
9.248
-6.184
-6.502
7.27
-9.35
7.527
1.258
-1.024
4.577
-8.427
4.082
-2.274
-5.928
5.977
2.565
6.004
-2.18
-4.273
-2.762
-5.199
7.328
-4.599
-7.983
-6.295
-9.247
6.114
-7.437
-9.742
0.464
-5.771
-0.951
-9.573
0.255
3.856
6.373
8.313
4.657
-2.741
4.584
-9.147
0.189
-9.792
-4.193
3.541
9.27
7.057
-8.752
-4.558
-3.641
5.39
-3.955
-6.556
-0.165
2.982
2.239
5.81
-0.705
-1.173
3.09
8.63
7.841
7.382
5.454
-9.507
-3.382
8.789
-1.561
1.71
9.56
3.396
-0.324
3.923
-5.89
-3.72
2.446
-0.424
-9.798
-9.569
-4.699
5.633
-2.779
5.018
-5.226
5.867
9.865
-5.705
-8.982
-1.207
-0.859
6.765
7.41
-4.737
-3.248
-9.159
7.054
-1.603
-4.87
-9.307
-6.779
8.601
0.075
2.141
-3.317
-4.578
-7.202
-9.593
-1.291
6.344
-2.269
-4.92
6.946
7.166
1.226
9.271
-6.716
4.403
-9.483
-2.373
-2.65
1.112
-6.79
-7.854
5.662
-5.642
-1.62
-9.442
-2.34
-7.142
3.621
-4.607
4.851
-0.973
-3.846
9.792
4.455
-5.14
2.388
-2.875
4.253
-8.926
4.527
9.368
-4.225
-4.05
6.778
2.708
4.785
-7.199
6.413
-7.368
-5.9
1.141
5.228
2.623
9.716
3.651
-0.795
0.05
6.102
-6.295
8.283
-4.49
7.196
2.121
-9.878
1.647
0.138
-7.937
2.185
1.682
-2.924
-2.003
6.996
-2.851
0.239
8.832
-7.932
-5.32
-7.824
-9.782
-3.96
-9.791
4.058
7.59
-3.386
7.364
6.916
-2.312
-0.51
-4.895
7.938
-9.435
-6.316
-1.738
0.664
-2.232
-7.332
3.663
-5.218
8.143
4.516
8.45
-0.281
9.831
6.26
-9.738
8.665
6.329
-4.532
-1.878
-9.656
4.53
-8.531
8.546
2.468
5.659
-5.508
8.391
1.226
3.155
3.456
9.97
-3.933
-4.551
-6.807
2.017
5.495
4.433
7.562
-5.005
-7.25
-3.081
6.985
-8.571
-0.292
0.661
1.029
-7.239
-6.099
-3.917
-1.385
3.691
7.873
-4.784
2.989
-6.394
7.322
7.405
-6.089
-8.768
-1.171
8.525
4.979
2.82
-7.831
-1.738
5.197
9.37
-6.017
-7.954
5.844
-5.241
-2.184
-7.041
-7.444
-7.125
0.954
7.368
-3.256
-9.594
-2.747
9.786
-9.928
-1.825
-8.587
-6.316
-0.939
6.21
6.07
-8.095
-2.497
-9.464
0.089
-8.661
0.208
-1.855
-3.616
0.831
-3.751
9.522
9.034
7.305
-5.501
-9.525
-8.291
-5.27
0.688
9.646
-7.265
-8.79
6.396
5.469
1.425
-5.599
-4.769
2.297
-6.09
9.979
0.356
-8.374
7.401
-4.912
5.466
-9.221
3.097
5.443
-4.605
-2.517
-0.123
-4.868
-6.661
-4.418
1.749
5.768
-3.7
-4.908
1.449
2.912
9.501
7.005
-2.867
0.448
5.855
7.012
1.629
-7.013
-8.758
0.513
-6.455
-2.596
-6.861
7.797
-8.226
6.411
7.96
-4.272
3.818
-1.096
4.721
-8.697
-5.145
4.313
-7.18
5.022
8.68
4.394
-2.265
6.677
7.142
-7.74
-1.915
-7.935
-1.559
-6.631
-0.126
-7.435
4.097
7.004
3.694
7.629
-8.715
7.859
8.653
-6.206
-6.135
1.514
-6.195
1.132
-5.433
3.708
-4.678
-1.541
6.443
0.49
3.844
-4.915
-2.237
4.647
-1.361
-5.282
8.132
-7.107
6.839
1.905
-5.57
2.185
-1.395
-3.537
5.866
2.507
9.869
9.197
7.766
-1.533
-1.292
-2.467
-2.056
-0.412
9.002
-7.311
-3.186
8.528
5.658
-2.839
-3.893
-1.317
-8.888
3.675
-3.253
2.125
7.855
-0.066
2.11
-6.371
-7.709
3.973
2.365
1.328
-5.065
-3.195
-6.368
0.808
9.432
2.136
9.196
6.4
5.395
-6.024
4.64
-9.962
9.864
7.446
-9.55
5.43
-2.48
8.527
8.619
-7.571
7.351
-1.01
7.975
7.713
2.516
1.526
0.044
7.235
-5.476
-0.261
-8.861
-3.272
-5.164
3.135
7.782
-2.602
6.589
8.277
-9.769
-9.072
-8.176
-6.22
-6.73
-6.16
-0.513
-2.248
-3.115
-0.168
-9.376
6.75
0.662
3.37
-9.446
0.395
5.907
-5.553
-4.077
-8.671
-0.636
-5.627
5.739
-5.866
6.453
-3.245
7.456
-3.467
-6.118
2.355
3.88
-3.754
-7.972
9.734
2.158
5.929
-0.192
-5.57
5.609
-7.82
1.263
9.92
6.068
3.493
-1.22
-4.786
5.188
7.237
-6.085
2.153
-9.799
-5.294
-2.373
6.358
-1.892
-3.446
6.369
1.743
1.363
-0.388
-8.418
2.244
4.613
4.911
7.35
-5.377
-3.962
-4.828
-8.205
-2.24
-4.949
-5.893
9.011
-1.544
6.079
-7.537
-3.685
9.994
-8.137
-0.032
8.181
-2.226
9.892
1.226
6.066
-2.586
-1.004
-0.936
6.8
2.679
5.808
-0.853
-0.143
7.812
7.826
1.304
1.934
-5.734
-3.593
0.438
1.505
-6.764
-6.638
-6.713
1.895
-3.741
-1.952
-4.397
-9.822
-3.435
-4.007
2.64
-6.085
-0.446
-1.573
1.861
2.921
5.112
-6.741
4.739
-1.87
-8.359
-0.162
2.311
-3.618
1.963
6.108
0.374
4.176
4.223
-9.26
8.905
-7.846
-6.595
-5.371
6.363
-4.347
8.683
-3.325
5.795
-8.082
-4.8
-1.668
5.808
9.107
-1.211
-3.449
3.452
-1.728
5.516
-5.472
-5.613
5.917
-1.764
0.015
-6.073
5.954
0.619
-8.919
6.783
-3.016
-6.198
4.781
-7.736
-9.62
2.694
8.979
-0.833
-7.867
4.016
4.382
-5.462
-7.084
-9.251
1.793
-4.137
6.934
0.719
-6.007
-0.466
8.558
-1.94
2.536
-2.159
5.375
-2.934
-6.495
0.994
-1.704
0.498
0.867
-1.486
7.325
6.153
-0.598
-0.394
6.817
-5.895
4.706
-6.156
3.311
3.385
5.733
5.024
-6.047
-6.716
6.256
-8.541
-3.245
-6.232
-6.703
-7.053
4.634
6.439
-1.803
2.891
-2.375
-4.402
-3.724
-7.212
8.44
-2.385
9.486
-4.595
2.923
-7.591
1.224
9.126
-3.497
6.4
-9.447
8.804
-1.442
-1.955
-7.22
-4.796
4.879
0.213
7.352
-6.057
3.08
5.286
3.577
-7.128
-4.725
2.299
4.832
8.025
1.835
-1.467
-8.93
-1.657
-2.865
5.027
8.806
9.06
-1.332
-2.767
7.599
-1.839
7.612
2.405
2.397
9.859
6.16
2.693
7.251
7.302
0.002
2.464
4.62
-5.999
-0.984
-6.576
-6.351
-7.494
5.381
1.284
-4.4
3.714
-5.565
0.312
-0.365
4.693
6.096
9.908
3.064
-4.46
1.416
-1.85
-7.887
5.507
-7.952
9.582
1.511
7.001
3.114
2.617
6.963
-8.633
-6.478
-5.919
-6.063
7.284
7.176
-3.891
2.584
6.374
-0.612
8.513
-4.508
-1.264
3.318
9.747
1.856
-3.017
2.918
7.134
-4.111
-2.761
-6.185
8.001
9.151
-6.78
-9.274
-3.163
5.685
9.124
-9.771
7.339
8.241
-6.715
-8.974
5.199
-1.797
0.609
-4.849
3.601
5.255
9.044
2.813
-8.257
-1.144
1.664
-7.624
-0.582
3.205
-6.859
-6.532
-4.202
-8.332
9.382
-9.178
6.033
-5.545
8.396
9.107
7.901
-8.72
5.133
-1.668
9.134
3.056
-3.234
4.001
5.433
7.994
-6.973
-7.025
5.387
6.008
-1.814
-9.425
7.944
3.822
-9.476
0.581
-8.616
-9.327
5.276
7.023
-6.136
-9.653
-1.942
-7.422
2.407
-3.066
-0.284
2.03
3.07
-8.739
-1.662
7.15
2.164
-9.849
2.164
6.828
8.104
7.928
-9.93
6.254
-5.672
-1.254
5.69
-1.149
6.21
0.649
-5.567
6.802
8.418
7.679
1.44
-7.21
-5.973
-9.603
8.901
8.381
-5.13
4.206
-6.922
-7.253
7.425
-1.444
-2.264
-0.6
-9.527
-2.08
9.29
2.83
3.459
5.31
4.887
3.74
0.839
6.332
2.665
5.223
9.042
8.817
-6.815
-5.517
4.439
3.239
8.4
6.051
-0.948
0.64
-8.745
6.861
-3.996
2.895
-5.819
5.864
-6.224
0.41
-7.223
-8.838
-1.007
4.85
0.244
-7.592
4.81
-6.529
4.092
5.051
0.827
-6.934
-4.97
-8.957
0.017
-4.966
6.736
4.346
-8.229
-4.912
8.691
-3.898
-2.846
-3.46
9.599
0.563
7.861
-3.113
9.957
1.678
4.167
-7.874
-0.189
4.352
-2.112
-2.009
-1.574
2.589
1.617
-7.503
-8.516
-8.548
3.144
9.489
-5.352
-6.04
5.874
-7.789
-9.607
-1.587
0.844
-8.507
5.171
2.837
-4.048
-8.817
9.853
-8.863
7.389
-6.292
-7.866
7.645
9.881
-8.733
-2.72
-2.697
-4.521
-5.356
0.081
9.664
7.548
0.72
-4.558
9.951
-7.889
-5.928
1.688
-1.035
-5.587
-8.721
1.923
-9.215
-5.77
-0.948
-7.427
-0.494
-3.902
-2.758
-5.768
-3.241
-5.924
-8.316
-3.086
-9.972
7.017
3.165
5.671
-8.87
3.919
-9.575
-1.8
-1.969
-3.557
7.089
5.016
1.105
7.567
8.558
8.418
-6.499
5.686
5.048
6.12
9.956
-5.494
-7.822
5.485
3.097
8.647
-9.971
-4.14
-7.069
-1.563
-8.999
2.988
1.957
6.356
4.377
-6.724
-5.424
-7.722
-7.986
-3.348
4.512
0.711
5.625
-8.261
7.439
5.732
5.641
-8.598
4.07
5.315
8.675
-0.871
5.631
2.676
-6.94
6.176
0.096
-5.061
-5.172
-2.592
6.274
7.926
4.058
6.143
6.709
-3.449
-3.391
-6.847
8.599
6.078
6.976
-3.406
1.92
-7.485
-5.281
4.067
1.543
-2.897
-9.523
-3.711
4.767
4.078
6.618
2.42
-4.7
-1.068
4.766
-0.782
-2.729
-2.822
5.082
-8.814
5.763
-6.115
-9.608
-8.192
9.091
9.307
7.259
8.001
-0.34
-8.745
8.174
3.033
-1.673
8.34
5.425
-2.475
-2.783
-8.035
1.774
-4.692
-2.355
-6.082
5.328
8.305
1.322
-7.287
7.049
7.516
8.015
-4.063
3.381
-7.567
3.488
4.021
0.627
8.554
-0.102
-7.15
9.194
2.744
-7.906
-3.235
7.604
-0.332
-5.734
7.003
0.188
-8.859
1.229
3.685
-9.022
-2.399
-1.697
-9.573
-4.865
9.78
-5.559
-7.572
-4.266
4.787
-6.404
-7.042
4.187
-1.745
-2.079
-1.856
6.237
-9.088
2.277
-3
9.267
5.435
-5.885
1.933
3.256
1.469
-4.368
-6.039
2.972
0.55
3.199
-6.67
0.821
-2.544
6.386
-4.991
8.188
4.471
-7.663
5.051
-6.498
6.056
-8.073
2.955
-2.84
-9.01
-6.772
-6.719
3.01
2.651
2.551
5.137
-6.272
-9.722
4.512
7.562
-0.82
5.772
0.608
-6.916
7.047
2.795
8.82
9.723
-1.875
9.391
-5.673
5.992
-7.334
6.065
6.232
3.616
-1.341
-1.774
-5.72
-1.642
-1.261
1.932
-1.961
-9.458
-7.239
-5.18
-8.754
-0.497
9.117
0.446
5.82
-5.209
-5.656
-3.59
-6.96
-3.386
0.093
4.184
-2.407
-5.833
2.22
5.87
-9.634
3.042
-9.365
5.066
4.271
-9.338
7.074
7.325
9.029
-8.561
-1.875
5.876
-3.035
-8.906
-3.375
1.834
-0.044
7.488
7.836
8.654
-4.799
0.719
-8.597
-4.804
2.378
0.254
-6.115
-0.258
4.151
1.93
-5.976
0.47
7.743
-9.052
-1.888
-6.034
-1.47
6.001
0.067
-9.286
3.552
8.583
8.053
-9.826
-6.744
5.011
-2.928
-2.848
-0.447
-8.714
6.624
3.397
7.753
4.63
-2.473
-9.314
4.764
7.155
-5.257
-0.23
-0.285
-2.928
3.393
3.451
6.617
1.532
3.445
7.154
8.542
-3.739
5.752
3.95
-1.067
6.729
0.559
1.082
-9.859
-6.196
-1.102
2.956
5.524
8.149
2.558
-0.429
-8.698
6.256
6.289
-3.093
-0.31
-0.242
2.313
7.376
-7.128
4.711
1.95
3.657
-7.267
-3.721
1.283
4.351
4.256
-0.62
3.311
-2.686
5.998
3.155
-6.534
-2.439
-6.114
4.714
9.706
-8.914
3.145
8.713
2.103
-2.102
4.593
9.118
-9.948
-8.944
-6.445
-6.545
-4.579
-0.989
0.265
1.761
-4.419
3.87
-0.198
1.04
-0.255
-2.45
-8.771
-3.413
6.753
-2.576
-7.731
5.199
5.341
-8.053
-1.049
-0.128
-3.082
0.358
3.944
-1.484
-0.786
-9.54
-0.802
-9.051
3.614
-1.689
-5.55
-3.165
2.707
-9.473
6.769
8.952
-4.051
3.687
1.162
5.074
-5.548
-7.616
-5.406
2.904
1.066
-4.729
-7.763
-4.079
-5.026
6.405
7.863
-2.453
0.616
7.908
4.508
-0.602
-5.216
-7.951
-7.931
2.072
8.932
1.02
-0.816
-0.623
-1.393
-9.626
6.844
-4.157
-5.143
5.534
-7.004
5.115
9.999
3.149
1.482
3.194
-0.851
-1.39
-9.789
1.764
9.037
9
3.516
5.373
-4.332
-8.416
4.226
2.796
-7.76
-5.634
4.993
-7.731
1.386
-5.391
0.145
-8.304
-2.343
-5.035
8.871
8.98
-9.545
-2.884
3.523
6.899
-2.322
0.356
1.632
0.769
5.448
1.538
1.983
-7.331
-3.308
2.365
-1.957
-6.381
-1.543
1.22
8.145
-9.171
-5.759
5.764
3.915
8.137
-0.571
-9.451
0.075
5.222
-7.355
-8.219
9.977
-1.931
-3.37
1.335
-5.986
9.558
9.701
5.72
-8.114
-9.82
-3.137
-8.269
6.11
-7.21
-8.168
9.994
-7.592
0.34
-8.549
1.728
-2.682
-9.802
-6.901
3.652
2.195
-8.342
1.919
-3.604
8.001
-8.432
4.168
5.643
-2.952
-3.983
0.684
6.06
1.645
6.628
-3.131
4.366
-2.495
-5.194
2.204
5.275
8.676
4.387
-4.483
9.973
-4.931
-3.576
8.516
7.393
0.457
-2.382
-9.494
-8.472
0.803
3.384
-1.81
-1.798
-8.033
0.565
9.958
-4.266
-1.567
2.873
2.785
-6.11
-8.388
-8.406
-1.207
-1.992
-8.339
3.334
0.473
-9.579
1.569
-8.786
8.426
4.326
5.03
4.864
0.911
4.414
-9.018
-6.237
-9.642
-6.693
-4.922
-1.705
-1.107
-2.559
6.876
-3.629
-2.44
-2.942
2.11
3.733
0.941
-6.307
-5.735
3.545
-0.263
0.641
3.431
-7.994
1.459
-1.966
6.788
2.559
0.534
-1.228
3.199
5.131
-9.302
-2.182
2.576
6.795
-2.328
6.827
3.579
-0.804
-9.256
-6.828
-9.343
5.016
-2.511
6.083
-5.966
-6.615
-1.551
-5.965
4.817
-5.029
0.673
-3.937
1.419
-6.17
-6.662
6.093
5.578
-0.114
3.635
-7.008
-2.992
7.324
2.088
-6.411
-1.822
3.93
9.032
-4.388
-9.383
7.351
1.151
8.686
5.552
-0.851
2.143
-6.639
-1.769
2.063
8.877
4.052
2.937
-7.571
-0.691
-2.077
-6.62
-0.423
9.572
-7.235
-7.94
6.257
-2.5
-8.555
1.746
4.28
-4.912
4.468
-3.839
-5.12
-0.043
7.482
-7.315
-4.85
-5.307
5.842
-5.551
6.207
4.193
-7.789
-1.83
6.197
7.723
4.733
-4.497
9.82
-7.963
-1.936
9.101
2.039
3.131
-7.448
-2.895
0.315
-1.231
0.047
-8.109
4.596
-8.194
-3.534
9.693
6.064
-8.248
3.329
9.208
-3.867
7.687
-0.872
4.158
-2.548
1.191
6.767
-4.929
-9.535
-1.94
-0.331
5.349
-6.295
3.502
-2.053
2.43
-2.157
-4.719
8.889
5.685
2.354
7.994
3.368
-5.125
-9.134
-4.757
-0.456
7.214
7.164
-0.41
-6.442
-3.035
6.131
-1.954
-2.208
-3.334
3.995
4.927
4.294
6.545
-7.377
-2.72
9.437
7.764
5.775
-4.741
2.973
-2.612
4.345
-6.526
-6.549
-6.965
-6.322
8.503
-3.074
0.57
0.775
-0.579
6.908
8.245
-9.79
-5.141
-9.268
5.597
-9.428
1.267
-4.647
-5.336
-3.833
5.409
4.423
-5.187
5.927
3.935
9.489
-6.227
3.904
4.794
-6.215
-4.111
1.085
-7.038
-8.729
-6.264
-6.336
-2.891
-0.043
-1.128
-2.69
6.803
-7.408
-4.717
2.649
-9.426
3.871
-0.197
5.82
9.134
-0.773
-9.588
6.608
-3.82
-6.303
-1.026
-6.878
-3.643
0.459
5.961
-2.814
8.44
0.985
-6.276
-9.553
8.172
-8.635
5.412
9.919
2.779
8.085
5.13
-1.457
-3.113
4.522
0.098
-3.173
9.666
5.067
3.233
7.398
8.059
2.128
-4.452
9.027
-4.851
7.718
-5.723
-7.326
8.712
0.411
-1.699
-0.618
-2.039
-7.742
5.727
-2.876
0.392
7.615
7.74
4.104
9.854
-1.057
4.578
-7.316
0.354
6.486
-6.806
2.808
-9.926
1.839
4.443
-6.879
7.946
9.04
2.165
-4.671
-3.014
-9.696
7.032
2.455
2.267
7.627
0.514
-2.824
-0.952
-7.713
-2.436
-2.599
0.739
-3.478
-6.574
-3.984
-4.564
1.874
3.931
-4.796
-0.891
-2.588
-5.809
8.376
1.848
-2.054
-0.946
-2.317
2.267
-6.032
-2.314
-4.902
-4.188
-1.854
-7.274
-6.023
-9.787
-0.016
-9.141
5.448
2.85
-1.324
1.773
-8.354
-2.789
-3.782
8.763
1.213
-6.617
3.117
9.251
7.379
7.845
-5.984
-2.019
-1.102
-7.42
-4.988
9.471
-9.752
5.4
-1.857
2.878
8.445
-3.604
4.632
-8.306
-5.017
1.783
-0.55
-2.439
1.629
2.457
7.435
-1.462
5.002
-9.737
-3.063
-8.343
8.805
4.349
5.328
1.921
7.173
8.363
9.882
-8.484
-9.531
3.581
-8.263
5.232
0.669
1.909
1.472
-9.951
-6.11
-7.94
8.878
8.856
7.304
-4.619
4.219
9.96
3.788
5.151
1.215
-8.208
6.896
7.667
-8.69
-1
-3.84
7.814
-6.056
-3.621
-9.624
-8.287
3.102
7.887
-6.298
-0.916
-5.971
-7.106
-5.329
-9.791
-6.534
-0.406
4.429
4.155
-2.957
-4.968
5.406
-3.219
6.089
5.204
4.538
-2.803
9.13
-1.854
-6.065
-1.781
-6.815
-8.479
0.756
-1.226
3.428
-7.989
9.106
2.415
3.107
-6.401
5.217
-2.029
-0.56
4.081
8.526
-9.801
-1.379
-2.37
-1.873
3.267
3.779
3.153
-1.743
6.745
-3.68
-9.694
-2.163
2.536
-7.201
1.158
2.678
1.11
8.475
7.098
-6.087
-7.556
-7.372
9.763
-4.138
-9.838
-6.191
-9.792
-6.88
5.69
8.021
0.273
-5.28
5.69
3.424
-4.369
7.967
8.245
2.735
-0.809
-5.01
-3.762
8.418
3.003
-3.637
-9.912
-2.282
-7.588
4.22
9.084
0.941
3.788
-6.717
-0.692
-0.554
-0.791
4.05
0.221
-9.07
-8.291
7.376
-0.607
-2.664
-2.294
-6.421
6.142
-8.746
-6.788
9.8
-5.753
9.639
-8.192
-6.752
-4.23
0.46
-3.961
-3.812
9.908
5.811
-8.393
-1.087
1.707
4.93
-8.387
-3.705
7.547
5.754
-3.362
-4.058
1.928
4.87
-8.417
0.07
-9.289
0.362
-4.491
-8.29
-0.339
-7.34
-9.889
-4.078
9.071
-2.681
7.715
-9.963
9.477
-1.098
1.868
1.841
3.74
3.898
-3.062
7.093
5.812
-0.952
2.185
-9.521
4.723
2.469
-3.215
-0.784
-6.488
-2.094
8.35
9.626
6.094
-9.483
9.039
-2.359
-6.604
-1.879
-4.651
-8.942
-2.701
-8.183
5.895
6.507
-6.784
-4.976
7.739
6.262
6.449
3.05
8.523
4.107
-1.228
-1.811
-5.857
-6.206
-5.628
-3.658
7.795
9.595
0.321
-5.52
3.604
7.803
-2.987
2.647
-2.485
5.345
8.961
-8.013
1.668
7.845
2.852
3.382
-3.627
-3.877
2.675
-8.362
6.324
8.854
9.831
4.442
-9.269
4.642
4.944
5.219
-5.005
-2.85
-0.051
2.496
-4.022
-2.32
7.678
-8.42
2.673
-8.024
2.645
5.67
7.544
-0.404
1.07
8.563
-3.65
2.658
3.828
-5.322
-6.087
-7.341
-4.482
-5.036
-0.24
5.773
-5.793
-2.689
7.335
-9.338
8.998
4.679
-1.212
0.003
0.92
1.113
-1.855
-1.539
-9.502
5.202
0.764
4.159
2.866
-5.107
4.158
0.96
0.337
-9.254
1.892
5.557
-7.12
-0.538
7.829
7.743
-0.689
-3.525
-3.672
1.605
-2.627
-6.881
6.839
-5.969
-0.913
8.454
-5.113
8.524
0.734
-0.25
7.396
9.666
1.834
3.965
-9.534
-0.76
1.035
-3.941
5.029
-4.922
2.789
6.463
-2.082
-7.349
-5.864
4.969
-6.643
-2.297
-8.896
6.061
-3.103
3.322
-9.89
3.607
-8.291
4.056
-9.792
-8.369
7.392
-9.379
-0.603
-6.31
-4.282
-4.187
-8.841
-5.552
1.594
-6.373
-5.868
4.491
-2.347
-6.561
-1.782
-3.17
3.836
-2.365
6.082
-4.969
-6.299
8.122
-7.129
-7.877
0.811
5.699
6.001
7.65
-7.587
-5.964
-2.11
-2.283
2.064
-0.388
-6.939
-1.138
5.725
2.352
-7.361
9.809
-5.72
-6.952
-6.548
1.74
-4.178
8.119
6.746
3.144
3.648
-3.71
7.555
-1.097
-8.701
7.564
-5.874
-6.985
6.28
-2.924
6.425
-0.864
-5.884
-0.685
-9.126
-4.884
4.626
-7.714
9.055
9.764
-8.054
-2.368
-1.936
-1.109
-3.195
-2.707
5.991
2.108
-6.635
-5.079
3.658
8.92
-7.886
3.413
6.64
-6.442
-9.263
6.999
6.774
-9.04
9.684
6.595
5.837
0.469
-6.4
-2.164
-2.126
4.445
-5.415
-4.822
-4.988
1.166
0.265
4.528
3.827
-1.402
-8.059
-1.585
-6.406
-4.386
8.01
-8.908
-9.413
-8.38
-7.451
8.527
-6.909
2.217
-0.111
-4.277
1.104
4.072
1.319
-2.929
-5.003
-4.754
2.812
4.895
-8.756
8.522
-0.948
7.452
-2.614
-5.382
-2.458
-2.438
-6.577
5.212
0.994
7.916
7.965
5.819
-7.72
9.587
-8.71
-9.264
-9.931
0.272
-7.674
-7.959
-5.624
-3.334
0.33
-4.699
7.886
6.928
-1.734
9.753
-9.591
1.179
9.892
-4.671
4.523
-9.181
-3.966
1.486
-6.374
4.97
8.241
-9.425
1.76
-0.796
-9.61
-1.059
2.444
1.779
8.539
2.467
-8.368
1.279
-6.053
1.098
-9.241
1.463
-9.34
8.192
1.139
-1.71
-7.248
-1.31
-0.34
1.157
3.614
5.314
-9.148
7.314
8.572
7.171
-4.851
3.263
-1.495
-1.162
0.355
5.051
-4.448
-2.06
6.82
8.853
1.572
-6.319
-7.021
2.696
3.925
-7.203
-3.871
-9.544
8.097
-6.411
-6.778
8.437
0.155
2.332
8.427
5.287
-9.368
2.498
3.555
-5.489
7.408
2.818
3.633
9.013
-6.075
9.387
6.975
5.515
8.042
-2.134
-7.367
1.625
0.713
5.791
6.803
5.446
-9.619
-7.824
2.465
-5.978
-8.49
4.63
2.213
0.512
9.903
9.333
8.31
-6.256
4.032
-2.567
-5.794
1.029
-7.537
-9.068
-7.992
6.228
7.219
-8.808
1.932
-5.855
4.731
-0.815
5.415
2.032
-0.847
-7.276
3.205
-5.295
1.352
-7.511
-1.21
-6.866
-8.417
9.476
6.916
-9.455
6.855
2.763
2.559
-8.243
8.338
-0.757
-3.201
-3.691
7.749
8.42
-6.181
-3.76
3.095
3.456
-4.245
-8.507
8.698
-3.685
7.224
-2.313
7.234
-1.458
-5.845
-9.233
-7.482
7.022
-5.591
-9.446
2.03
8.473
-9.296
-9.393
1.509
0.359
6.242
-1.614
-5.525
-5.151
-8.373
7.076
3.797
-6.618
1.284
-0.411
-5.338
-2.991
-1.182
6.619
2.649
0.841
-4.779
-7.417
-0.325
-4.976
6.231
-4.224
-3.657
7.329
-3.485
-2.571
-9.453
-7.556
-8.74
3.198
7.512
-3.515
-9.595
8.448
-2.918
-0.518
9.45
8.709
-2.016
-7.243
3.042
7.071
-9.842
-2.283
2.763
-8.935
-1.787
-9.144
-6.239
-0.126
-1.57
-4.127
-2.472
5.75
-6.846
-1.632
-7.169
-7.07
8.322
-1.676
-7.62
-3.894
2.476
-2.617
-9.546
1.337
7.656
-2.042
-2.692
4.672
-8.774
-2.833
5.815
3.64
-5.675
2.933
-4.587
-7.776
9.452
2.816
-1.852
8.349
-9.021
9.212
8.166
2.697
1.53
-7.703
7.116
-6.16
-5.687
-3.89
-2.259
-0.486
-9.822
-1.056
-9.952
0.008
0.108
-7.457
-7.774
-2.359
2.101
4.049
3.934
-6.829
-0.495
-6.602
8.51
-4.463
-0.317
-6.621
-9.039
-0.766
0.526
8.317
1.41
-0.924
-0.796
-9.642
5.734
-6.562
-5.504
0.729
-0.764
3.772
-8.419
-5.944
-2.931
-3.581
-4.727
-7.696
6.789
-2.772
3.92
7.752
1.566
8.725
2.941
-7.292
3.196
-4.321
3.61
2.871
-0.804
6.575
4.266
8.635
-3.228
8.315
-3.416
-6.501
3.192
2.785
9.399
4.764
-9.821
-4.741
8.026
-6.618
-0.007
-6.004
-9.636
-5.579
1.444
6.016
-2.821
-1.391
7.877
2.128
0.195
-7.327
-3.524
5.63
-2.595
-6.628
-8.421
3.662
-5.442
-4.156
0.45
6.54
6.346
-3.631
-4.552
-6.81
-9.633
9.925
-7.482
-7.4
-8.976
9.479
3.334
-6.118
-3.127
-4.538
4.192
-6.234
6.524
-8.831
4.218
-0.646
-3.595
8.852
9.342
2.125
-5.752
9.398
-6.691
6.065
6.308
-6.396
9.368
-4.048
-8.472
-1.236
7.099
-8.799
7.393
-7.735
8.238
6.589
-5.07
-1.248
0.301
-9.724
2.873
-8.37
-0.024
-4.083
7.185
-4.223
8.737
1.608
-3.71
-4.974
3.814
-4.142
-0.344
-0.612
-8.526
0.971
1.783
-0.166
4.412
6.312
-7.076
-5.185
3.949
2.286
-2.413
-6.816
3.892
-0.6
-2.824
-8.806
5.566
-3.031
-8.58
3.163
-6.653
-5.431
2.338
6.068
5.892
-0.693
1.1
1.923
-9.126
2.42
-0.536
-1.647
5.936
9.176
4.963
-0.058
-0.313
6.184
-0.8
-9.156
-3.647
-8.434
0.782
-7.296
-1.245
-3.547
9.488
5.112
-7.685
1.375
-1.25
-2.016
-5.59
-1.399
1.841
-2.706
-1.701
-1.671
9.961
7.052
1.344
-8.236
-0.93
-2.729
3.113
4.35
-5.306
-5.764
-2.832
-3.647
0.658
3.655
3.311
8.214
-5.048
5.255
7.367
-9.686
-1.977
-9.635
-1.565
-4.333
-8.127
6.182
-0.846
-0.741
0.743
-6.63
-3.071
0.655
-4.58
-9.408
5.472
8.441
-6.695
-1.269
-3.067
4.606
7.005
2.869
1.704
9.231
-4.512
-4.566
0.529
4.575
8.287
-3.8
2.882
5.632
0.333
-8.136
-2.947
8.064
8.422
-4.374
-0.137
-5.53
3.825
-9.576
-3.366
-4.847
3.687
-1.005
-5.928
-0.247
-9.57
-0.606
4.613
-7.291
-7.181
-7.716
5.61
4.153
3.495
-6.367
3.831
-9.414
-3.987
-2.627
9.889
2.887
-0.531
-3.847
-1.732
-9.957
4.26
-0.717
0.612
2.447
5.323
7.966
5.685
-2.575
8.575
-9.774
2.952
-7.603
7.506
6.619
-2.351
0.327
-1.032
-1.919
8.692
-6.65
5.831
-8.987
-4.419
-9.685
5.322
4.244
6.115
4.577
-2.269
-5.779
6.499
1.626
-3.998
-2.36
1.727
5.288
7.127
4.476
4.196
-8.672
3.711
-8.122
8.824
-5.237
7.612
-5.615
5.408
0.457
2.369
-4.787
-3.703
-3.775
-6.348
-2.604
4.47
-5.726
-5.148
7.282
-6.954
-0.76
-7.429
-4.408
-6.251
2.408
6.371
8.588
3.879
2.696
-3.47
-7.235
7.321
8.425
-4.073
-1.265
7.84
9.585
-1.083
-7.902
-0.874
0.205
3.137
-3.249
4.225
6.905
-5.608
-2.724
-5.853
7.764
-8.314
-2.02
-7.12
-2.595
-5.076
3.322
-3.729
4.527
-9.378
0.106
-4.054
-9.483
-4.559
-8.109
5.062
-9.767
-4.045
6.746
4.943
-4.155
5.182
1.004
3.67
-6.789
-0.291
0.807
-5.155
4.31
1.705
7.786
-9.536
9.215
7.925
8.628
-0.966
4.984
2.601
-1.171
-1.631
4.807
6.945
-8.582
4.055
-2.654
-8.974
9.49
5.091
5.815
-5.31
6.676
8.942
9.271
-1.146
-2.098
-4.176
0.959
8.232
-9.174
5.657
-8.769
5.787
1.56
9.662
-3.406
0.151
8.434
-9.592
-5.693
5.291
-7.166
0.01
3.945
7.779
-1.303
-9.147
-6.47
6.21
-7.301
0.059
-5.964
1.43
1.431
-9.449
-1.449
-2.668
3.024
8.731
-5.992
5.475
9.994
-6.958
9.633
-8.187
-9.329
-0.641
3.847
6.254
0.73
-8.996
-6.481
7.803
5.275
6.792
6.066
1.74
-0.205
-9.004
-0.734
0.191
-6.854
1.578
6.443
-0.045
7.709
-5.908
-1.044
-8.313
9.695
7.6
8.379
3.548
-9.737
9.489
-6.682
-0.899
-1.076
-1.507
5.811
-4.777
7.534
2.151
-8.312
2.098
-8.466
9.56
1.782
8.438
-5.552
-2.969
-0.677
3.236
-5.826
-4.442
-1.016
-1.971
8.922
-8.481
-0.883
3.931
-7.689
-6.487
-0.099
1.828
-3.661
4.319
7.481
-0.116
6.177
-2.731
6.682
-8.839
3.185
6.221
1.723
-9.108
-9.817
5.922
7.691
3.456
-0.021
9.102
5.404
-7.391
8.257
7.905
9.038
4.904
-7.258
6.711
-7.552
1.056
-1.937
-1.173
3.415
4.632
-3.248
-9.966
4.179
0.589
-7.658
8.673
-1.409
9.932
-9.387
-4.536
6.925
-8.109
7.806
7.732
-1.765
3.825
7.454
-4.259
-8.672
-0.11
-1.113
1.57
-3.472
-3.536
9.763
-2.059
7.469
-6.875
6.708
2.281
-3.854
6.993
8.651
1.913
-7.201
6.632
-5.292
-0.91
-6.144
9.337
2.286
-2.325
3.81
4.169
4.282
8.802
8.399
-3.071
-6.394
7.177
7.12
-5.105
-2.382
-0.855
6.166
0.196
-3.584
-5.239
-3.192
-4.23
-2.722
-4.352
9.245
-9.874
-7.419
2.24
1.327
-2.044
2.708
3.481
-9.501
-8.315
-7.483
2.335
1.057
9.058
6.882
-3.097
-7.086
-3.204
-3.968
-1.387
8.131
-0.807
2.059
3.349
-4.505
2.718
7.486
-4.98
-2.099
1.516
5.718
3.231
-1.374
-7.578
-6.57
-2.463
-5.958
-6.764
-6.314
-5.634
-8.721
2.019
0.422
-9.135
8.715
-2.536
8.977
-8.283
-3.541
-8.114
2.039
7.549
7.067
-2.473
-2.832
7.392
-7.807
-7.14
-5.445
8.74
7.199
7.017
2.557
-4.068
-1.417
-5.402
8.948
2.263
1.659
-9.615
-3.933
-2.553
-7.88
6.069
4.337
-2.743
3.109
0.745
-3.413
-0.156
-2.67
-8.153
0.789
-8.422
7.915
9.989
-5.196
8.494
-0.752
-8.553
-0.226
-4.25
-9.504
-9.787
-6.546
4.574
-5.214
1.662
-7.071
-0.715
-3.507
8.645
3.333
-1.715
3.084
1.587
-4.825
1.787
9.442
0.841
2.1
8.138
-0.76
1.53
3.588
8.593
1.486
3.564
-2.6
-9.396
-8.053
6.702
-1.45
3.217
2.278
5.443
5.399
-8.467
1.775
-2.251
4.315
8.484
-6.961
3.649
-7.435
5.049
5.576
1.08
2.471
-3.218
-9.089
1.933
-8.718
-5.383
1.354
-3.057
-7.174
7.245
2.055
4.042
6.472
1.313
-9.067
2.807
-0.341
6.521
9.875
7.199
0.81
1.573
5.766
-7.952
7.266
8.128
5.626
4.714
-8.011
0.513
1.733
-8.346
9.583
-0.973
-8.617
9.489
-5.822
3.142
4.05
-9.126
5.277
-3.891
8.542
6.136
0.433
-4.72
8.774
3.436
7.246
-8.727
4.391
6.684
-0.128
7.019
7.903
-4.577
-4.112
5.77
-6.412
-7.35
2.703
-1.748
-7.093
-2.035
4.315
0.332
-5.795
-6.156
-4.871
-4.303
-6.388
-3.498
1.952
9.653
8.773
1.159
-2.606
-0.373
5.275
6.08
-6.891
3.943
-2.444
-8.96
9.729
6.788
5.373
-3.025
-3.229
-0.501
-9.254
9.446
-0.018
-8.408
-1.106
5.767
-2.054
3.014
6.703
-7.46
-0.726
5.561
-9.863
6.138
1.45
7.809
-6.203
-9.509
-6.004
3.412
-2.928
1.943
0.495
9.323
3.551
-0.173
-2.882
9.716
-3.766
1.501
8.065
1.507
-1.995
-2.758
-5.494
6.744
8.337
8.415
4.288
1.37
-7.284
-4.37
-9.525
6.799
1.284
8.521
-0.27
-4.325
-3.94
-2.654
8.354
8.889
8.372
6.46
-3.518
3.213
-6.168
5.457
-9.863
6.532
1.657
-4.112
-2.841
-5.945
-7.783
-8.246
9.132
6.193
-1.986
-0.102
0.888
6.01
3.019
2.351
-0.431
-5.579
7.631
-0.035
-6.256
6.047
7.716
-5.382
-7.635
-4.713
2.622
4.543
4.879
1.221
-2.353
9.467
3.106
0.625
-1.442
-8.547
-1.442
9.465
9.103
3.522
-3.52
-8.732
-0.177
-8.166
5.967
-9.172
-7.021
-3.08
4.681
-1.293
8.706
-3.648
-0.184
-7.902
-8.819
-1.986
-1.973
0.33
-3.084
6.642
-8.229
-7.467
-0.084
8.312
-4.369
-1.056
-4.006
-9.832
-4.451
-8.657
-8.697
-8.512
-2.058
-8.741
-7.153
-9.404
4.047
3.201
0.604
-8.2
-9.294
-1.812
-7.178
-2.164
9.033
-6.404
-2.025
8.996
-6.611
5.616
-5.949
-6.28
-8.755
6.058
1.156
9.191
-2.652
-1.554
9.543
7.176
-0.383
6.888
6.092
3.465
-7.375
-6.887
-6.75
3.729
-3.895
0.672
2.409
1.62
6.49
-7.649
-1.734
3.149
-3.837
3.878
4.409
-9.886
9.179
-0.017
-2.825
3.167
-4.19
-6.415
-4.447
2.75
-4.233
8.569
1.818
-1.27
-8.273
2.185
6.885
-4.487
-6.635
-3.538
7.161
8.548
-0.19
5.119
-3.867
-4.499
6.028
-9.531
4.489
-7.304
-6.946
8.35
-3.863
3.86
-5.365
2.078
-2.794
-6.226
-0.566
-9.984
-1.034
4.097
4.397
0.673
-7.522
5.452
9.756
-0.772
-9.483
-8.526
-0.507
-8.879
-1.558
4.623
3.626

